5.5000
5.5094
5.5188
5.5283
5.5378
5.5474
5.5570
5.5666
5.5763
5.5859
5.5956
5.6053
5.6149
5.6246
5.6342
5.6439
5.6535
5.6631
5.6726
5.6821
5.6916
5.7010
5.7103
5.7196
5.7288
5.7379
5.7470
5.7559
5.7648
5.7736
5.7822
5.7908
5.7992
5.8075
5.8156
5.8237
5.8315
5.8393
5.8469
5.8543
5.8615
5.8686
5.8755
5.8822
5.8888
5.8951
5.9012
5.9072
5.9129
5.9184
5.9237
5.9288
5.9336
5.9382
5.9426
5.9467
5.9505
5.9541
5.9575
5.9606
5.9634
5.9660
5.9683
5.9703
5.9720
5.9734
5.9746
5.9755
5.9760
5.9763
5.9763
5.9759
5.9753
5.9744
5.9731
5.9716
5.9697
5.9675
5.9650
5.9622
5.9590
5.9556
5.9518
5.9477
5.9433
5.9385
5.9335
5.9281
5.9224
5.9163
5.9100
5.9033
5.8963
5.8890
5.8813
5.8734
5.8651
5.8565
5.8476
5.8384
5.8289
5.8191
5.8090
5.7985
5.7878
5.7768
5.7655
5.7539
5.7420
5.7298
5.7173
5.7046
5.6916
5.6784
5.6648
5.6510
5.6370
5.6227
5.6082
5.5934
5.5784
5.5631
5.5477
5.5320
5.5161
5.5000
5.4837
5.4672
5.4505
5.4336
5.4166
5.3993
5.3819
5.3644
5.3467
5.3288
5.3108
5.2927
5.2744
5.2561
5.2376
5.2190
5.2003
5.1815
5.1626
5.1437
5.1246
5.1055
5.0864
5.0672
5.0479
5.0287
5.0094
4.9900
4.9707
4.9513
4.9320
4.9127
4.8933
4.8740
4.8547
4.8355
4.8163
4.7972
4.7781
4.7590
4.7401
4.7212
4.7024
4.6837
4.6651
4.6466
4.6282
4.6099
4.5918
4.5737
4.5558
4.5381
4.5205
4.5031
4.4858
4.4687
4.4518
4.4350
4.4184
4.4020
4.3859
4.3699
4.3541
4.3385
4.3232
4.3080
4.2931
4.2784
4.2640
4.2498
4.2358
4.2221
4.2086
4.1954
4.1825
4.1698
4.1574
4.1452
4.1333
4.1217
4.1104
4.0994
4.0886
4.0781
4.0680
4.0581
4.0485
4.0392
4.0302
4.0215
4.0131
4.0051
3.9973
3.9898
3.9826
3.9758
3.9692
3.9630
3.9571
3.9515
3.9462
3.9412
3.9366
3.9322
3.9282
3.9244
3.9210
3.9179
3.9151
3.9127
3.9105
3.9087
3.9071
3.9059
3.9050
3.9043
3.9040
3.9040
3.9043
3.9049
3.9058
3.9070
3.9085
3.9102
3.9123
3.9147
3.9173
3.9202
3.9235
3.9269
3.9307
3.9348
3.9391
3.9437
3.9485
3.9536
3.9590
3.9646
3.9705
3.9766
3.9830
3.9897
3.9965
4.0037
4.0110
4.0186
4.0264
4.0345
4.0427
4.0512
4.0599
4.0688
4.0779
4.0873
4.0968
4.1065
4.1165
4.1266
4.1369
4.1474
4.1581
4.1689
4.1800
4.1912
4.2025
4.2141
4.2258
4.2376
4.2496
4.2618
4.2741
4.2865
4.2991
4.3119
4.3247
4.3377
4.3509
4.3641
4.3775
4.3910
4.4046
4.4183
4.4322
4.4461
4.4602
4.4743
4.4886
4.5029
4.5174
4.5319
4.5465
4.5612
4.5760
4.5909
4.6058
4.6209
4.6359
4.6511
4.6664
4.6817
4.6970
4.7125
4.7280
4.7435
4.7592
4.7748
4.7905
4.8063
4.8222
4.8380
4.8540
4.8699
4.8859
4.9020
4.9181
4.9342
4.9504
4.9666
4.9829
4.9992
5.0155
5.0318
5.0482
5.0646
5.0811
5.0976
5.1141
5.1306
5.1471
5.1637
5.1803
5.1970
5.2136
5.2303
5.2470
5.2637
5.2805
5.2973
5.3141
5.3309
5.3477
5.3646
5.3814
5.3983
5.4152
5.4321
5.4491
5.4660
5.4830
5.5000
5.5170
5.5340
5.5511
5.5681
5.5852
5.6023
5.6194
5.6365
5.6536
5.6707
5.6879
5.7050
5.7222
5.7394
5.7566
5.7738
5.7910
5.8082
5.8255
5.8427
5.8600
5.8772
5.8945
5.9117
5.9290
5.9463
5.9636
5.9808
5.9981
6.0154
6.0327
6.0500
6.0673
6.0845
6.1018
6.1191
6.1363
6.1536
6.1708
6.1881
6.2053
6.2225
6.2397
6.2569
6.2740
6.2912
6.3083
6.3254
6.3424
6.3595
6.3765
6.3935
6.4104
6.4273
6.4442
6.4610
6.4778
6.4946
6.5113
6.5279
6.5445
6.5611
6.5775
6.5940
6.6103
6.6266
6.6429
6.6590
6.6751
6.6911
6.7070
6.7229
6.7386
6.7543
6.7699
6.7854
6.8007
6.8160
6.8312
6.8462
6.8612
6.8760
6.8907
6.9053
6.9197
6.9341
6.9482
6.9623
6.9762
6.9899
7.0035
7.0170
7.0303
7.0434
7.0563
7.0691
7.0817
7.0941
7.1064
7.1184
7.1303
7.1420
7.1534
7.1647
7.1757
7.1866
7.1972
7.2076
7.2178
7.2277
7.2374
7.2469
7.2561
7.2651
7.2738
7.2823
7.2906
7.2985
7.3062
7.3136
7.3208
7.3277
7.3343
7.3406
7.3466
7.3523
7.3577
7.3629
7.3677
7.3722
7.3764
7.3803
7.3839
7.3872
7.3901
7.3927
7.3950
7.3970
7.3986
7.3998
7.4008
7.4014
7.4016
7.4015
7.4010
7.4002
7.3991
7.3975
7.3957
7.3934
7.3908
7.3878
7.3845
7.3808
7.3767
7.3722
7.3674
7.3622
7.3566
7.3507
7.3443
7.3376
7.3305
7.3231
7.3152
7.3070
7.2984
7.2894
7.2800
7.2703
7.2602
7.2497
7.2388
7.2275
7.2159
7.2039
7.1915
7.1787
7.1656
7.1521
7.1382
7.1240
7.1094
7.0944
7.0791
7.0634
7.0473
7.0309
7.0142
6.9971
6.9796
6.9618
6.9437
6.9252
6.9064
6.8873
6.8679
6.8481
6.8280
6.8075
6.7868
6.7658
6.7444
6.7228
6.7009
6.6786
6.6561
6.6333
6.6103
6.5870
6.5634
6.5395
6.5154
6.4910
6.4664
6.4416
6.4165
6.3912
6.3657
6.3399
6.3140
6.2878
6.2615
6.2349
6.2082
6.1813
6.1542
6.1270
6.0996
6.0721
6.0444
6.0165
5.9886
5.9605
5.9323
5.9040
5.8756
5.8470
5.8184
5.7898
5.7610
5.7322
5.7033
5.6744
5.6454
5.6163
5.5873
5.5582
5.5291
5.5000
5.4709
5.4418
5.4127
5.3836
5.3546
5.3256
5.2966
5.2677
5.2388
5.2100
5.1813
5.1526
5.1241
5.0956
5.0672
5.0389
5.0108
4.9827
4.9548
4.9271
4.8994
4.8719
4.8446
4.8174
4.7904
4.7636
4.7369
4.7105
4.6842
4.6581
4.6322
4.6066
4.5811
4.5559
4.5309
4.5062
4.4816
4.4574
4.4334
4.4096
4.3861
4.3629
4.3399
4.3172
4.2948
4.2727
4.2509
4.2293
4.2081
4.1872
4.1666
4.1463
4.1263
4.1066
4.0873
4.0682
4.0496
4.0312
4.0132
3.9955
3.9782
3.9612
3.9446
3.9283
3.9124
3.8968
3.8816
3.8668
3.8523
3.8382
3.8245
3.8111
3.7981
3.7854
3.7732
3.7613
3.7498
3.7387
3.7279
3.7175
3.7075
3.6979
3.6887
3.6798
3.6713
3.6632
3.6555
3.6482
3.6412
3.6346
3.6284
3.6226
3.6171
3.6120
3.6073
3.6030
3.5990
3.5954
3.5922
3.5893
3.5868
3.5847
3.5829
3.5815
3.5805
3.5798
3.5794
3.5794
3.5798
3.5805
3.5815
3.5829
3.5846
3.5866
3.5890
3.5917
3.5948
3.5981
3.6018
3.6058
3.6101
3.6147
3.6197
3.6249
3.6304
3.6362
3.6424
3.6488
3.6555
3.6624
3.6697
3.6772
3.6850
3.6930
3.7013
3.7099
3.7187
3.7278
3.7371
3.7467
3.7565
3.7665
3.7768
3.7873
3.7980
3.8089
3.8201
3.8314
3.8430
3.8547
3.8667
3.8788
3.8912
3.9037
3.9164
3.9293
3.9423
3.9556
3.9689
3.9825
3.9962
4.0100
4.0241
4.0382
4.0525
4.0669
4.0815
4.0962
4.1110
4.1260
4.1410
4.1562
4.1715
4.1869
4.2025
4.2181
4.2338
4.2496
4.2655
4.2815
4.2976
4.3138
4.3300
4.3463
4.3628
4.3792
4.3958
4.4124
4.4291
4.4458
4.4626
4.4795
4.4964
4.5133
4.5304
4.5474
4.5645
4.5817
4.5989
4.6161
4.6334
4.6507
4.6680
4.6854
4.7028
4.7202
4.7377
4.7552
4.7727
4.7902
4.8078
4.8254
4.8429
4.8606
4.8782
4.8958
4.9135
4.9312
4.9488
4.9665
4.9842
5.0020
5.0197
5.0374
5.0552
5.0729
5.0907
5.1084
5.1262
5.1440
5.1618
5.1795
5.1973
5.2151
5.2329
5.2507
5.2685
5.2863
5.3041
5.3219
5.3397
5.3575
5.3753
5.3931
5.4109
5.4288
5.4466
5.4644
5.4822
5.5000
5.5178
5.5356
5.5534
5.5712
5.5891
5.6069
5.6247
5.6425
5.6603
5.6781
5.6959
5.7137
5.7315
5.7493
5.7671
5.7849
5.8027
5.8205
5.8383
5.8561
5.8738
5.8916
5.9094
5.9271
5.9449
5.9627
5.9804
5.9981
6.0158
6.0336
6.0513
6.0690
6.0866
6.1043
6.1220
6.1396
6.1572
6.1748
6.1924
6.2100
6.2275
6.2450
6.2625
6.2800
6.2974
6.3148
6.3322
6.3496
6.3669
6.3842
6.4014
6.4186
6.4358
6.4529
6.4700
6.4870
6.5040
6.5209
6.5378
6.5546
6.5714
6.5881
6.6047
6.6213
6.6377
6.6542
6.6705
6.6868
6.7030
6.7191
6.7351
6.7510
6.7668
6.7826
6.7982
6.8138
6.8292
6.8445
6.8597
6.8748
6.8898
6.9046
6.9193
6.9339
6.9484
6.9627
6.9769
6.9909
7.0048
7.0185
7.0321
7.0455
7.0587
7.0718
7.0847
7.0974
7.1100
7.1223
7.1345
7.1465
7.1583
7.1699
7.1812
7.1924
7.2034
7.2141
7.2246
7.2349
7.2450
7.2548
7.2644
7.2737
7.2828
7.2917
7.3003
7.3086
7.3167
7.3245
7.3321
7.3393
7.3463
7.3530
7.3595
7.3656
7.3715
7.3770
7.3823
7.3872
7.3919
7.3962
7.4002
7.4040
7.4073
7.4104
7.4131
7.4156
7.4176
7.4194
7.4208
7.4219
7.4226
7.4230
7.4230
7.4227
7.4220
7.4210
7.4196
7.4178
7.4157
7.4133
7.4104
7.4072
7.4036
7.3997
7.3954
7.3907
7.3856
7.3802
7.3744
7.3682
7.3616
7.3547
7.3474
7.3397
7.3316
7.3231
7.3143
7.3050
7.2954
7.2855
7.2751
7.2644
7.2532
7.2417
7.2299
7.2176
7.2050
7.1920
7.1786
7.1649
7.1508
7.1363
7.1215
7.1063
7.0907
7.0748
7.0585
7.0419
7.0249
7.0076
6.9899
6.9719
6.9535
6.9348
6.9158
6.8965
6.8768
6.8568
6.8365
6.8158
6.7949
6.7736
6.7521
6.7303
6.7081
6.6857
6.6630
6.6400
6.6167
6.5932
6.5694
6.5453
6.5210
6.4965
6.4717
6.4467
6.4214
6.3959
6.3702
6.3443
6.3182
6.2918
6.2653
6.2386
6.2117
6.1846
6.1574
6.1300
6.1024
6.0747
6.0469
6.0189
5.9908
5.9626
5.9342
5.9058
5.8772
5.8486
5.8198
5.7910
5.7621
5.7331
5.7041
5.6751
5.6460
5.6168
5.5876
5.5584
5.5292
5.5000
5.4708
5.4416
5.4124
5.3832
5.3540
5.3249
5.2959
5.2669
5.2379
5.2090
5.1802
5.1514
5.1228
5.0942
5.0658
5.0374
5.0092
4.9811
4.9531
4.9253
4.8976
4.8700
4.8426
4.8154
4.7883
4.7614
4.7347
4.7082
4.6818
4.6557
4.6298
4.6041
4.5786
4.5533
4.5283
4.5035
4.4789
4.4546
4.4306
4.4068
4.3833
4.3600
4.3370
4.3143
4.2919
4.2697
4.2479
4.2263
4.2051
4.1841
4.1635
4.1432
4.1232
4.1035
4.0841
4.0651
4.0464
4.0281
4.0100
3.9924
3.9750
3.9581
3.9414
3.9251
3.9092
3.8937
3.8785
3.8636
3.8491
3.8350
3.8213
3.8079
3.7949
3.7823
3.7701
3.7582
3.7467
3.7356
3.7248
3.7145
3.7045
3.6949
3.6856
3.6768
3.6683
3.6602
3.6525
3.6452
3.6383
3.6317
3.6255
3.6197
3.6143
3.6092
3.6045
3.6002
3.5962
3.5927
3.5895
3.5866
3.5842
3.5820
3.5803
3.5789
3.5779
3.5772
3.5769
3.5769
3.5773
3.5780
3.5791
3.5805
3.5822
3.5843
3.5867
3.5894
3.5925
3.5959
3.5996
3.6036
3.6080
3.6126
3.6176
3.6228
3.6284
3.6342
3.6404
3.6468
3.6535
3.6605
3.6678
3.6753
3.6831
3.6912
3.6996
3.7081
3.7170
3.7261
3.7355
3.7450
3.7549
3.7649
3.7752
3.7857
3.7965
3.8074
3.8186
3.8300
3.8415
3.8533
3.8653
3.8775
3.8898
3.9024
3.9151
3.9280
3.9411
3.9543
3.9677
3.9813
3.9950
4.0089
4.0229
4.0371
4.0514
4.0659
4.0805
4.0952
4.1100
4.1250
4.1401
4.1553
4.1706
4.1861
4.2016
4.2172
4.2330
4.2488
4.2647
4.2807
4.2968
4.3130
4.3293
4.3456
4.3621
4.3786
4.3951
4.4118
4.4285
4.4452
4.4620
4.4789
4.4958
4.5128
4.5298
4.5469
4.5640
4.5812
4.5984
4.6157
4.6329
4.6503
4.6676
4.6850
4.7024
4.7199
4.7373
4.7548
4.7723
4.7899
4.8075
4.8250
4.8426
4.8603
4.8779
4.8956
4.9132
4.9309
4.9486
4.9663
4.9840
5.0018
5.0195
5.0372
5.0550
5.0727
5.0905
5.1083
5.1261
5.1438
5.1616
5.1794
5.1972
5.2150
5.2328
5.2506
5.2684
5.2862
5.3040
5.3218
5.3397
5.3575
5.3753
5.3931
5.4109
5.4287
5.4465
5.4644
5.4822
5.5000
5.5178
5.5356
5.5535
5.5713
5.5891
5.6069
5.6247
5.6425
5.6603
5.6782
5.6960
5.7138
5.7316
5.7494
5.7672
5.7850
5.8028
5.8206
5.8384
5.8562
5.8739
5.8917
5.9095
5.9273
5.9450
5.9628
5.9805
5.9982
6.0160
6.0337
6.0514
6.0691
6.0868
6.1044
6.1221
6.1397
6.1574
6.1750
6.1925
6.2101
6.2277
6.2452
6.2627
6.2801
6.2976
6.3150
6.3324
6.3497
6.3671
6.3843
6.4016
6.4188
6.4360
6.4531
6.4702
6.4872
6.5042
6.5211
6.5380
6.5548
6.5716
6.5882
6.6049
6.6214
6.6379
6.6544
6.6707
6.6870
6.7032
6.7193
6.7353
6.7512
6.7670
6.7828
6.7984
6.8139
6.8294
6.8447
6.8599
6.8750
6.8900
6.9048
6.9195
6.9341
6.9486
6.9629
6.9771
6.9911
7.0050
7.0187
7.0323
7.0457
7.0589
7.0720
7.0849
7.0976
7.1102
7.1225
7.1347
7.1467
7.1585
7.1700
7.1814
7.1926
7.2035
7.2143
7.2248
7.2351
7.2451
7.2550
7.2646
7.2739
7.2830
7.2919
7.3005
7.3088
7.3169
7.3247
7.3322
7.3395
7.3465
7.3532
7.3597
7.3658
7.3716
7.3772
7.3824
7.3874
7.3920
7.3964
7.4004
7.4041
7.4075
7.4106
7.4133
7.4157
7.4178
7.4195
7.4209
7.4220
7.4227
7.4231
7.4231
7.4228
7.4221
7.4211
7.4197
7.4180
7.4159
7.4134
7.4106
7.4073
7.4038
7.3998
7.3955
7.3908
7.3858
7.3803
7.3745
7.3683
7.3618
7.3548
7.3475
7.3398
7.3317
7.3232
7.3144
7.3052
7.2955
7.2856
7.2752
7.2645
7.2533
7.2418
7.2300
7.2177
7.2051
7.1921
7.1787
7.1650
7.1509
7.1364
7.1216
7.1064
7.0908
7.0749
7.0586
7.0420
7.0250
7.0077
6.9900
6.9720
6.9536
6.9349
6.9159
6.8965
6.8769
6.8569
6.8365
6.8159
6.7950
6.7737
6.7522
6.7303
6.7082
6.6857
6.6630
6.6400
6.6168
6.5932
6.5694
6.5454
6.5211
6.4965
6.4717
6.4467
6.4214
6.3959
6.3702
6.3443
6.3182
6.2919
6.2653
6.2386
6.2117
6.1847
6.1574
6.1300
6.1025
6.0748
6.0469
6.0189
5.9908
5.9626
5.9342
5.9058
5.8772
5.8486
5.8198
5.7910
5.7621
5.7332
5.7041
5.6751
5.6460
5.6168
5.5876
5.5584
5.5292
5.5000
5.4708
5.4416
5.4124
5.3832
5.3540
5.3249
5.2959
5.2668
5.2379
5.2090
5.1802
5.1514
5.1228
5.0942
5.0658
5.0374
5.0092
4.9811
4.9531
4.9252
4.8975
4.8700
4.8426
4.8153
4.7883
4.7614
4.7347
4.7081
4.6818
4.6557
4.6298
4.6041
4.5786
4.5533
4.5283
4.5035
4.4789
4.4546
4.4306
4.4068
4.3832
4.3600
4.3370
4.3143
4.2918
4.2697
4.2478
4.2263
4.2050
4.1841
4.1635
4.1431
4.1231
4.1035
4.0841
4.0651
4.0464
4.0280
4.0100
3.9923
3.9750
3.9580
3.9414
3.9251
3.9092
3.8936
3.8784
3.8636
3.8491
3.8350
3.8213
3.8079
3.7949
3.7823
3.7700
3.7582
3.7467
3.7355
3.7248
3.7144
3.7045
3.6948
3.6856
3.6768
3.6683
3.6602
3.6525
3.6452
3.6382
3.6317
3.6255
3.6197
3.6142
3.6092
3.6045
3.6002
3.5962
3.5927
3.5894
3.5866
3.5841
3.5820
3.5803
3.5789
3.5779
3.5772
3.5769
3.5769
3.5773
3.5780
3.5791
3.5805
3.5822
3.5843
3.5867
3.5894
3.5925
3.5959
3.5996
3.6036
3.6080
3.6126
3.6176
3.6228
3.6284
3.6342
3.6403
3.6468
3.6535
3.6605
3.6678
3.6753
3.6831
3.6912
3.6995
3.7081
3.7170
3.7261
3.7354
3.7450
3.7549
3.7649
3.7752
3.7857
3.7965
3.8074
3.8186
3.8300
3.8415
3.8533
3.8653
3.8775
3.8898
3.9024
3.9151
3.9280
3.9411
3.9543
3.9677
3.9813
3.9950
4.0089
4.0229
4.0371
4.0514
4.0659
4.0805
4.0952
4.1100
4.1250
4.1401
4.1553
4.1706
4.1860
4.2016
4.2172
4.2330
4.2488
4.2647
4.2807
4.2968
4.3130
4.3293
4.3456
4.3621
4.3786
4.3951
4.4118
4.4284
4.4452
4.4620
4.4789
4.4958
4.5128
4.5298
4.5469
4.5640
4.5812
4.5984
4.6157
4.6329
4.6503
4.6676
4.6850
4.7024
4.7199
4.7373
4.7548
4.7723
4.7899
4.8075
4.8250
4.8426
4.8603
4.8779
4.8956
4.9132
4.9309
4.9486
4.9663
4.9840
5.0018
5.0195
5.0372
5.0550
5.0727
5.0905
5.1083
5.1261
5.1438
5.1616
5.1794
5.1972
5.2150
5.2328
5.2506
5.2684
5.2862
5.3040
5.3218
5.3397
5.3575
5.3753
5.3931
5.4109
5.4287
5.4465
5.4644
5.4822
5.5000
5.5178
5.5356
5.5535
5.5713
5.5891
5.6069
5.6247
5.6425
5.6603
5.6782
5.6960
5.7138
5.7316
5.7494
5.7672
5.7850
5.8028
5.8206
5.8384
5.8562
5.8739
5.8917
5.9095
5.9273
5.9450
5.9628
5.9805
5.9982
6.0160
6.0337
6.0514
6.0691
6.0868
6.1044
6.1221
6.1397
6.1574
6.1750
6.1925
6.2101
6.2277
6.2452
6.2627
6.2801
6.2976
6.3150
6.3324
6.3497
6.3671
6.3843
6.4016
6.4188
6.4360
6.4531
6.4702
6.4872
6.5042
6.5211
6.5380
6.5548
6.5716
6.5882
6.6049
6.6214
6.6379
6.6544
6.6707
6.6870
6.7032
6.7193
6.7353
6.7512
6.7670
6.7828
6.7984
6.8140
6.8294
6.8447
6.8599
6.8750
6.8900
6.9048
6.9195
6.9341
6.9486
6.9629
6.9771
6.9911
7.0050
7.0187
7.0323
7.0457
7.0589
7.0720
7.0849
7.0976
7.1102
7.1225
7.1347
7.1467
7.1585
7.1700
7.1814
7.1926
7.2035
7.2143
7.2248
7.2351
7.2451
7.2550
7.2646
7.2739
7.2830
7.2919
7.3005
7.3088
7.3169
7.3247
7.3322
7.3395
7.3465
7.3532
7.3597
7.3658
7.3716
7.3772
7.3824
7.3874
7.3920
7.3964
7.4004
7.4041
7.4075
7.4106
7.4133
7.4157
7.4178
7.4195
7.4209
7.4220
7.4227
7.4231
7.4231
7.4228
7.4221
7.4211
7.4197
7.4180
7.4159
7.4134
7.4106
7.4073
7.4038
7.3998
7.3955
7.3908
7.3858
7.3803
7.3745
7.3683
7.3618
7.3548
7.3475
7.3398
7.3317
7.3232
7.3144
7.3052
7.2955
7.2856
7.2752
7.2645
7.2533
7.2418
7.2300
7.2177
7.2051
7.1921
7.1787
7.1650
7.1509
7.1364
7.1216
7.1064
7.0908
7.0749
7.0586
7.0420
7.0250
7.0077
6.9900
6.9720
6.9536
6.9349
6.9159
6.8965
6.8769
6.8569
6.8365
6.8159
6.7950
6.7737
6.7522
6.7303
6.7082
6.6857
6.6630
6.6400
6.6168
6.5932
6.5694
6.5454
6.5211
6.4965
6.4717
6.4467
6.4214
6.3959
6.3702
6.3443
6.3182
6.2919
6.2653
6.2386
6.2117
6.1847
6.1574
6.1300
6.1025
6.0748
6.0469
6.0189
5.9908
5.9626
5.9342
5.9058
5.8772
5.8486
5.8198
5.7910
5.7621
5.7332
5.7041
5.6751
5.6460
5.6168
5.5876
5.5584
5.5292
5.5000
5.4708
5.4416
5.4124
5.3832
5.3540
5.3249
5.2959
5.2668
5.2379
5.2090
5.1802
5.1514
5.1228
5.0942
5.0658
5.0374
5.0092
4.9811
4.9531
4.9252
4.8975
4.8700
4.8426
4.8153
4.7883
4.7614
4.7347
4.7081
4.6818
4.6557
4.6298
4.6041
4.5786
4.5533
4.5283
4.5035
4.4789
4.4546
4.4306
4.4068
4.3832
4.3600
4.3370
4.3143
4.2918
4.2697
4.2478
4.2263
4.2050
4.1841
4.1635
4.1431
4.1231
4.1035
4.0841
4.0651
4.0464
4.0280
4.0100
3.9923
3.9750
3.9580
3.9414
3.9251
3.9092
3.8936
3.8784
3.8636
3.8491
3.8350
3.8213
3.8079
3.7949
3.7823
3.7700
3.7582
3.7467
3.7355
3.7248
3.7144
3.7045
3.6948
3.6856
3.6768
3.6683
3.6602
3.6525
3.6452
3.6382
3.6317
3.6255
3.6197
3.6142
3.6092
3.6045
3.6002
3.5962
3.5927
3.5894
3.5866
3.5841
3.5820
3.5803
3.5789
3.5779
3.5772
3.5769
3.5769
3.5773
3.5780
3.5791
3.5805
3.5822
3.5843
3.5867
3.5894
3.5925
3.5959
3.5996
3.6036
3.6080
3.6126
3.6176
3.6228
3.6284
3.6342
3.6403
3.6468
3.6535
3.6605
3.6678
3.6753
3.6831
3.6912
3.6995
3.7081
3.7170
3.7261
3.7354
3.7450
3.7549
3.7649
3.7752
3.7857
3.7965
3.8074
3.8186
3.8300
3.8415
3.8533
3.8653
3.8775
3.8898
3.9024
3.9151
3.9280
3.9411
3.9543
3.9677
3.9813
3.9950
4.0089
4.0229
4.0371
4.0514
4.0659
4.0805
4.0952
4.1100
4.1250
4.1401
4.1553
4.1706
4.1860
4.2016
4.2172
4.2330
4.2488
4.2647
4.2807
4.2968
4.3130
4.3293
4.3456
4.3621
4.3786
4.3951
4.4118
4.4284
4.4452
4.4620
4.4789
4.4958
4.5128
4.5298
4.5469
4.5640
4.5812
4.5984
4.6157
4.6329
4.6503
4.6676
4.6850
4.7024
4.7199
4.7373
4.7548
4.7723
4.7899
4.8075
4.8250
4.8426
4.8603
4.8779
4.8956
4.9132
4.9309
4.9486
4.9663
4.9840
5.0018
5.0195
5.0372
5.0550
5.0727
5.0905
5.1083
5.1261
5.1438
5.1616
5.1794
5.1972
5.2150
5.2328
5.2506
5.2684
5.2862
5.3040
5.3218
5.3397
5.3575
5.3753
5.3931
5.4109
5.4287
5.4465
5.4644
5.4822
5.5000
5.5178
5.5356
5.5535
5.5713
5.5891
5.6069
5.6247
5.6425
5.6603
5.6782
5.6960
5.7138
5.7316
5.7494
5.7672
5.7850
5.8028
5.8206
5.8384
5.8562
5.8739
5.8917
5.9095
5.9273
5.9450
5.9628
5.9805
5.9982
6.0160
6.0337
6.0514
6.0691
6.0868
6.1044
6.1221
6.1397
6.1574
6.1750
6.1925
6.2101
6.2277
6.2452
6.2627
6.2801
6.2976
6.3150
6.3324
6.3497
6.3671
6.3843
6.4016
6.4188
6.4360
6.4531
6.4702
6.4872
6.5042
6.5211
6.5380
6.5548
6.5716
6.5882
6.6049
6.6214
6.6379
6.6544
6.6707
6.6870
6.7032
6.7193
6.7353
6.7512
6.7670
6.7828
6.7984
6.8140
6.8294
6.8447
6.8599
6.8750
6.8900
6.9048
6.9195
6.9341
6.9486
6.9629
6.9771
6.9911
7.0050
7.0187
7.0323
7.0457
7.0589
7.0720
7.0849
7.0976
7.1102
7.1225
7.1347
7.1467
7.1585
7.1700
7.1814
7.1926
7.2035
7.2143
7.2248
7.2351
7.2451
7.2550
7.2646
7.2739
7.2830
7.2919
7.3005
7.3088
7.3169
7.3247
7.3322
7.3395
7.3465
7.3532
7.3597
7.3658
7.3716
7.3772
7.3824
7.3874
7.3920
7.3964
7.4004
7.4041
7.4075
7.4106
7.4133
7.4157
7.4178
7.4195
7.4209
7.4220
7.4227
7.4231
7.4231
7.4228
7.4221
7.4211
7.4197
7.4180
7.4159
7.4134
7.4106
7.4073
7.4038
7.3998
7.3955
7.3908
7.3858
7.3803
7.3745
7.3683
7.3618
7.3548
7.3475
7.3398
7.3317
7.3232
7.3144
7.3052
7.2955
7.2856
7.2752
7.2645
7.2533
7.2418
7.2300
7.2177
7.2051
7.1921
7.1787
7.1650
7.1509
7.1364
7.1216
7.1064
7.0908
7.0749
7.0586
7.0420
7.0250
7.0077
6.9900
6.9720
6.9536
6.9349
6.9159
6.8965
6.8769
6.8569
6.8365
6.8159
6.7950
6.7737
6.7522
6.7303
6.7082
6.6857
6.6630
6.6400
6.6168
6.5932
6.5694
6.5454
6.5211
6.4965
6.4717
6.4467
6.4214
6.3959
6.3702
6.3443
6.3182
6.2919
6.2653
6.2386
6.2117
6.1847
6.1574
6.1300
6.1025
6.0748
6.0469
6.0189
5.9908
5.9626
5.9342
5.9058
5.8772
5.8486
5.8198
5.7910
5.7621
5.7332
5.7041
5.6751
5.6460
5.6168
5.5876
5.5584
5.5292
5.5000
5.4708
5.4416
5.4124
5.3832
5.3540
5.3249
5.2959
5.2668
5.2379
5.2090
5.1802
5.1514
5.1228
5.0942
5.0658
5.0374
5.0092
4.9811
4.9531
4.9252
4.8975
4.8700
4.8426
4.8153
4.7883
4.7614
4.7347
4.7081
4.6818
4.6557
4.6298
4.6041
4.5786
4.5533
4.5283
4.5035
4.4789
4.4546
4.4306
4.4068
4.3832
4.3600
4.3370
4.3143
4.2918
4.2697
4.2478
4.2263
4.2050
4.1841
4.1635
4.1431
4.1231
4.1035
4.0841
4.0651
4.0464
4.0280
4.0100
3.9923
3.9750
3.9580
3.9414
3.9251
3.9092
3.8936
3.8784
3.8636
3.8491
3.8350
3.8213
3.8079
3.7949
3.7823
3.7700
3.7582
3.7467
3.7355
3.7248
3.7144
3.7045
3.6948
3.6856
3.6768
3.6683
3.6602
3.6525
3.6452
3.6382
3.6317
3.6255
3.6197
3.6142
3.6092
3.6045
3.6002
3.5962
3.5927
3.5894
3.5866
3.5841
3.5820
3.5803
3.5789
3.5779
3.5772
3.5769
3.5769
3.5773
3.5780
3.5791
3.5805
3.5822
3.5843
3.5867
3.5894
3.5925
3.5959
3.5996
3.6036
3.6080
3.6126
3.6176
3.6228
3.6284
3.6342
3.6403
3.6468
3.6535
3.6605
3.6678
3.6753
3.6831
3.6912
3.6995
3.7081
3.7170
3.7261
3.7354
3.7450
3.7549
3.7649
3.7752
3.7857
3.7965
3.8074
3.8186
3.8300
3.8415
3.8533
3.8653
3.8775
3.8898
3.9024
3.9151
3.9280
3.9411
3.9543
3.9677
3.9813
3.9950
4.0089
4.0229
4.0371
4.0514
4.0659
4.0805
4.0952
4.1100
4.1250
4.1401
4.1553
4.1706
4.1860
4.2016
4.2172
4.2330
4.2488
4.2647
4.2807
4.2968
4.3130
4.3293
4.3456
4.3621
4.3786
4.3951
4.4118
4.4284
4.4452
4.4620
4.4789
4.4958
4.5128
4.5298
4.5469
4.5640
4.5812
4.5984
4.6157
4.6329
4.6503
4.6676
4.6850
4.7024
4.7199
4.7373
4.7548
4.7723
4.7899
4.8075
4.8250
4.8426
4.8603
4.8779
4.8956
4.9132
4.9309
4.9486
4.9663
4.9840
5.0018
5.0195
5.0372
5.0550
5.0727
5.0905
5.1083
5.1261
5.1438
5.1616
5.1794
5.1972
5.2150
5.2328
5.2506
5.2684
5.2862
5.3040
5.3218
5.3397
5.3575
5.3753
5.3931
5.4109
5.4287
5.4465
5.4644
5.4822
5.5000
5.5178
5.5356
5.5535
5.5713
5.5891
5.6069
5.6247
5.6425
5.6603
5.6782
5.6960
5.7138
5.7316
5.7494
5.7672
5.7850
5.8028
5.8206
5.8384
5.8562
5.8739
5.8917
5.9095
5.9273
5.9450
5.9628
5.9805
5.9982
6.0160
6.0337
6.0514
6.0691
6.0868
6.1044
6.1221
6.1397
6.1574
6.1750
6.1925
6.2101
6.2277
6.2452
6.2627
6.2801
6.2976
6.3150
6.3324
6.3497
6.3671
6.3843
6.4016
6.4188
6.4360
6.4531
6.4702
6.4872
6.5042
6.5211
6.5380
6.5548
6.5716
6.5882
6.6049
6.6214
6.6379
6.6544
6.6707
6.6870
6.7032
6.7193
6.7353
6.7512
6.7670
6.7828
6.7984
6.8140
6.8294
6.8447
6.8599
6.8750
6.8900
6.9048
6.9195
6.9341
6.9486
6.9629
6.9771
6.9911
7.0050
7.0187
7.0323
7.0457
7.0589
7.0720
7.0849
7.0976
7.1102
7.1225
7.1347
7.1467
7.1585
7.1700
7.1814
7.1926
7.2035
7.2143
7.2248
7.2351
7.2451
7.2550
7.2646
7.2739
7.2830
7.2919
7.3005
7.3088
7.3169
7.3247
7.3322
7.3395
7.3465
7.3532
7.3597
7.3658
7.3716
7.3772
7.3824
7.3874
7.3920
7.3964
7.4004
7.4041
7.4075
7.4106
7.4133
7.4157
7.4178
7.4195
7.4209
7.4220
7.4227
7.4231
7.4231
7.4228
7.4221
7.4211
7.4197
7.4180
7.4159
7.4134
7.4106
7.4073
7.4038
7.3998
7.3955
7.3908
7.3858
7.3803
7.3745
7.3683
7.3618
7.3548
7.3475
7.3398
7.3317
7.3232
7.3144
7.3052
7.2955
7.2856
7.2752
7.2645
7.2533
7.2418
7.2300
7.2177
7.2051
7.1921
7.1787
7.1650
7.1509
7.1364
7.1216
7.1064
7.0908
7.0749
7.0586
7.0420
7.0250
7.0077
6.9900
6.9720
6.9536
6.9349
6.9159
6.8965
6.8769
6.8569
6.8365
6.8159
6.7950
6.7737
6.7522
6.7303
6.7082
6.6857
6.6630
6.6400
6.6168
6.5932
6.5694
6.5454
6.5211
6.4965
6.4717
6.4467
6.4214
6.3959
6.3702
6.3443
6.3182
6.2919
6.2653
6.2386
6.2117
6.1847
6.1574
6.1300
6.1025
6.0748
6.0469
6.0189
5.9908
5.9626
5.9342
5.9058
5.8772
5.8486
5.8198
5.7910
5.7621
5.7332
5.7041
5.6751
5.6460
5.6168
5.5876
5.5584
5.5292
5.5000
5.4708
5.4416
5.4124
5.3832
5.3540
5.3249
5.2959
5.2668
5.2379
5.2090
5.1802
5.1514
5.1228
5.0942
5.0658
5.0374
5.0092
4.9811
4.9531
4.9252
4.8975
4.8700
4.8426
4.8153
4.7883
4.7614
4.7347
4.7081
4.6818
4.6557
4.6298
4.6041
4.5786
4.5533
4.5283
4.5035
4.4789
4.4546
4.4306
4.4068
4.3832
4.3600
4.3370
4.3143
4.2918
4.2697
4.2478
4.2263
4.2050
4.1841
4.1635
4.1431
4.1231
4.1035
4.0841
4.0651
4.0464
4.0280
4.0100
3.9923
3.9750
3.9580
3.9414
3.9251
3.9092
3.8936
3.8784
3.8636
3.8491
3.8350
3.8213
3.8079
3.7949
3.7823
3.7700
3.7582
3.7467
3.7355
3.7248
3.7144
3.7045
3.6948
3.6856
3.6768
3.6683
3.6602
3.6525
3.6452
3.6382
3.6317
3.6255
3.6197
3.6142
3.6092
3.6045
3.6002
3.5962
3.5927
3.5894
3.5866
3.5841
3.5820
3.5803
3.5789
3.5779
3.5772
3.5769
3.5769
3.5773
3.5780
3.5791
3.5805
3.5822
3.5843
3.5867
3.5894
3.5925
3.5959
3.5996
3.6036
3.6080
3.6126
3.6176
3.6228
3.6284
3.6342
3.6403
3.6468
3.6535
3.6605
3.6678
3.6753
3.6831
3.6912
3.6995
3.7081
3.7170
3.7261
3.7354
3.7450
3.7549
3.7649
3.7752
3.7857
3.7965
3.8074
3.8186
3.8300
3.8415
3.8533
3.8653
3.8775
3.8898
3.9024
3.9151
3.9280
3.9411
3.9543
3.9677
3.9813
3.9950
4.0089
4.0229
4.0371
4.0514
4.0659
4.0805
4.0952
4.1100
4.1250
4.1401
4.1553
4.1706
4.1860
4.2016
4.2172
4.2330
4.2488
4.2647
4.2807
4.2968
4.3130
4.3293
4.3456
4.3621
4.3786
4.3951
4.4118
4.4284
4.4452
4.4620
4.4789
4.4958
4.5128
4.5298
4.5469
4.5640
4.5812
4.5984
4.6157
4.6329
4.6503
4.6676
4.6850
4.7024
4.7199
4.7373
4.7548
4.7723
4.7899
4.8075
4.8250
4.8426
4.8603
4.8779
4.8956
4.9132
4.9309
4.9486
4.9663
4.9840
5.0018
5.0195
5.0372
5.0550
5.0727
5.0905
5.1083
5.1261
5.1438
5.1616
5.1794
5.1972
5.2150
5.2328
5.2506
5.2684
5.2862
5.3040
5.3218
5.3397
5.3575
5.3753
5.3931
5.4109
5.4287
5.4465
5.4644
5.4822
5.5000
5.5178
5.5356
5.5535
5.5713
5.5891
5.6069
5.6247
5.6425
5.6603
5.6782
5.6960
5.7138
5.7316
5.7494
5.7672
5.7850
5.8028
5.8206
5.8384
5.8562
5.8739
5.8917
5.9095
5.9273
5.9450
5.9628
5.9805
5.9982
6.0160
6.0337
6.0514
6.0691
6.0868
6.1044
6.1221
6.1397
6.1574
6.1750
6.1925
6.2101
6.2277
6.2452
6.2627
6.2801
6.2976
6.3150
6.3324
6.3497
6.3671
6.3843
6.4016
6.4188
6.4360
6.4531
6.4702
6.4872
6.5042
6.5211
6.5380
6.5548
6.5716
6.5882
6.6049
6.6214
6.6379
6.6544
6.6707
6.6870
6.7032
6.7193
6.7353
6.7512
6.7670
6.7828
6.7984
6.8140
6.8294
6.8447
6.8599
6.8750
6.8900
6.9048
6.9195
6.9341
6.9486
6.9629
6.9771
6.9911
7.0050
7.0187
7.0323
7.0457
7.0589
7.0720
7.0849
7.0976
7.1102
7.1225
7.1347
7.1467
7.1585
7.1700
7.1814
7.1926
7.2035
7.2143
7.2248
7.2351
7.2451
7.2550
7.2646
7.2739
7.2830
7.2919
7.3005
7.3088
7.3169
7.3247
7.3322
7.3395
7.3465
7.3532
7.3597
7.3658
7.3716
7.3772
7.3824
7.3874
7.3920
7.3964
7.4004
7.4041
7.4075
7.4106
7.4133
7.4157
7.4178
7.4195
7.4209
7.4220
7.4227
7.4231
7.4231
7.4228
7.4221
7.4211
7.4197
7.4180
7.4159
7.4134
7.4106
7.4073
7.4038
7.3998
7.3955
7.3908
7.3858
7.3803
7.3745
7.3683
7.3618
7.3548
7.3475
7.3398
7.3317
7.3232
7.3144
7.3052
7.2955
7.2856
7.2752
7.2645
7.2533
7.2418
7.2300
7.2177
7.2051
7.1921
7.1787
7.1650
7.1509
7.1364
7.1216
7.1064
7.0908
7.0749
7.0586
7.0420
7.0250
7.0077
6.9900
6.9720
6.9536
6.9349
6.9159
6.8965
6.8769
6.8569
6.8365
6.8159
6.7950
6.7737
6.7522
6.7303
6.7082
6.6857
6.6630
6.6400
6.6168
6.5932
6.5694
6.5454
6.5211
6.4965
6.4717
6.4467
6.4214
6.3959
6.3702
6.3443
6.3182
6.2919
6.2653
6.2386
6.2117
6.1847
6.1574
6.1300
6.1025
6.0748
6.0469
6.0189
5.9908
5.9626
5.9342
5.9058
5.8772
5.8486
5.8198
5.7910
5.7621
5.7332
5.7041
5.6751
5.6460
5.6168
5.5876
5.5584
5.5292
5.5000
5.4708
5.4416
5.4124
5.3832
5.3540
5.3249
5.2959
5.2668
5.2379
5.2090
5.1802
5.1514
5.1228
5.0942
5.0658
5.0374
5.0092
4.9811
4.9531
4.9252
4.8975
4.8700
4.8426
4.8153
4.7883
4.7614
4.7347
4.7081
4.6818
4.6557
4.6298
4.6041
4.5786
4.5533
4.5283
4.5035
4.4789
4.4546
4.4306
4.4068
4.3832
4.3600
4.3370
4.3143
4.2918
4.2697
4.2478
4.2263
4.2050
4.1841
4.1635
4.1431
4.1231
4.1035
4.0841
4.0651
4.0464
4.0280
4.0100
3.9923
3.9750
3.9580
3.9414
3.9251
3.9092
3.8936
3.8784
3.8636
3.8491
3.8350
3.8213
3.8079
3.7949
3.7823
3.7700
3.7582
3.7467
3.7355
3.7248
3.7144
3.7045
3.6948
3.6856
3.6768
3.6683
3.6602
3.6525
3.6452
3.6382
3.6317
3.6255
3.6197
3.6142
3.6092
3.6045
3.6002
3.5962
3.5927
3.5894
3.5866
3.5841
3.5820
3.5803
3.5789
3.5779
3.5772
3.5769
3.5769
3.5773
3.5780
3.5791
3.5805
3.5822
3.5843
3.5867
3.5894
3.5925
3.5959
3.5996
3.6036
3.6080
3.6126
3.6176
3.6228
3.6284
3.6342
3.6403
3.6468
3.6535
3.6605
3.6678
3.6753
3.6831
3.6912
3.6995
3.7081
3.7170
3.7261
3.7354
3.7450
3.7549
3.7649
3.7752
3.7857
3.7965
3.8074
3.8186
3.8300
3.8415
3.8533
3.8653
3.8775
3.8898
3.9024
3.9151
3.9280
3.9411
3.9543
3.9677
3.9813
3.9950
4.0089
4.0229
4.0371
4.0514
4.0659
4.0805
4.0952
4.1100
4.1250
4.1401
4.1553
4.1706
4.1860
4.2016
4.2172
4.2330
4.2488
4.2647
4.2807
4.2968
4.3130
4.3293
4.3456
4.3621
4.3786
4.3951
4.4118
4.4284
4.4452
4.4620
4.4789
4.4958
4.5128
4.5298
4.5469
4.5640
4.5812
4.5984
4.6157
4.6329
4.6503
4.6676
4.6850
4.7024
4.7199
4.7373
4.7548
4.7723
4.7899
4.8075
4.8250
4.8426
4.8603
4.8779
4.8956
4.9132
4.9309
4.9486
4.9663
4.9840
5.0018
5.0195
5.0372
5.0550
5.0727
5.0905
5.1083
5.1261
5.1438
5.1616
5.1794
5.1972
5.2150
5.2328
5.2506
5.2684
5.2862
5.3040
5.3218
5.3397
5.3575
5.3753
5.3931
5.4109
5.4287
5.4465
5.4644
5.4822
5.5000
5.5178
5.5356
5.5535
5.5713
5.5891
5.6069
5.6247
5.6425
5.6603
5.6782
5.6960
5.7138
5.7316
5.7494
5.7672
5.7850
5.8028
5.8206
5.8384
5.8562
5.8739
5.8917
5.9095
5.9273
5.9450
5.9628
5.9805
5.9982
6.0160
6.0337
6.0514
6.0691
6.0868
6.1044
6.1221
6.1397
6.1574
6.1750
6.1925
6.2101
6.2277
6.2452
6.2627
6.2801
6.2976
6.3150
6.3324
6.3497
6.3671
6.3843
6.4016
6.4188
6.4360
6.4531
6.4702
6.4872
6.5042
6.5211
6.5380
6.5548
6.5716
6.5882
6.6049
6.6214
6.6379
6.6544
6.6707
6.6870
6.7032
6.7193
6.7353
6.7512
6.7670
6.7828
6.7984
6.8140
6.8294
6.8447
6.8599
6.8750
6.8900
6.9048
6.9195
6.9341
6.9486
6.9629
6.9771
6.9911
7.0050
7.0187
7.0323
7.0457
7.0589
7.0720
7.0849
7.0976
7.1102
7.1225
7.1347
7.1467
7.1585
7.1700
7.1814
7.1926
7.2035
7.2143
7.2248
7.2351
7.2451
7.2550
7.2646
7.2739
7.2830
7.2919
7.3005
7.3088
7.3169
7.3247
7.3322
7.3395
7.3465
7.3532
7.3597
7.3658
7.3716
7.3772
7.3824
7.3874
7.3920
7.3964
7.4004
7.4041
7.4075
7.4106
7.4133
7.4157
7.4178
7.4195
7.4209
7.4220
7.4227
7.4231
7.4231
7.4228
7.4221
7.4211
7.4197
7.4180
7.4159
7.4134
7.4106
7.4073
7.4038
7.3998
7.3955
7.3908
7.3858
7.3803
7.3745
7.3683
7.3618
7.3548
7.3475
7.3398
7.3317
7.3232
7.3144
7.3052
7.2955
7.2856
7.2752
7.2645
7.2533
7.2418
7.2300
7.2177
7.2051
7.1921
7.1787
7.1650
7.1509
7.1364
7.1216
7.1064
7.0908
7.0749
7.0586
7.0420
7.0250
7.0077
6.9900
6.9720
6.9536
6.9349
6.9159
6.8965
6.8769
6.8569
6.8365
6.8159
6.7950
6.7737
6.7522
6.7303
6.7082
6.6857
6.6630
6.6400
6.6168
6.5932
6.5694
6.5454
6.5211
6.4965
6.4717
6.4467
6.4214
6.3959
6.3702
6.3443
6.3182
6.2919
6.2653
6.2386
6.2117
6.1847
6.1574
6.1300
6.1025
6.0748
6.0469
6.0189
5.9908
5.9626
5.9342
5.9058
5.8772
5.8486
5.8198
5.7910
5.7621
5.7332
5.7041
5.6751
5.6460
5.6168
5.5876
5.5584
5.5292
5.5000
5.4708
5.4416
5.4124
5.3832
5.3540
5.3249
5.2959
5.2668
5.2379
5.2090
5.1802
5.1514
5.1228
5.0942
5.0658
5.0374
5.0092
4.9811
4.9531
4.9252
4.8975
4.8700
4.8426
4.8153
4.7883
4.7614
4.7347
4.7081
4.6818
4.6557
4.6298
4.6041
4.5786
4.5533
4.5283
4.5035
4.4789
4.4546
4.4306
4.4068
4.3832
4.3600
4.3370
4.3143
4.2918
4.2697
4.2478
4.2263
4.2050
4.1841
4.1635
4.1431
4.1231
4.1035
4.0841
4.0651
4.0464
4.0280
4.0100
3.9923
3.9750
3.9580
3.9414
3.9251
3.9092
3.8936
3.8784
3.8636
3.8491
3.8350
3.8213
3.8079
3.7949
3.7823
3.7700
3.7582
3.7467
3.7355
3.7248
3.7144
3.7045
3.6948
3.6856
3.6768
3.6683
3.6602
3.6525
3.6452
3.6382
3.6317
3.6255
3.6197
3.6142
3.6092
3.6045
3.6002
3.5962
3.5927
3.5894
3.5866
3.5841
3.5820
3.5803
3.5789
3.5779
3.5772
3.5769
3.5769
3.5773
3.5780
3.5791
3.5805
3.5822
3.5843
3.5867
3.5894
3.5925
3.5959
3.5996
3.6036
3.6080
3.6126
3.6176
3.6228
3.6284
3.6342
3.6403
3.6468
3.6535
3.6605
3.6678
3.6753
3.6831
3.6912
3.6995
3.7081
3.7170
3.7261
3.7354
3.7450
3.7549
3.7649
3.7752
3.7857
3.7965
3.8074
3.8186
3.8300
3.8415
3.8533
3.8653
3.8775
3.8898
3.9024
3.9151
3.9280
3.9411
3.9543
3.9677
3.9813
3.9950
4.0089
4.0229
4.0371
4.0514
4.0659
4.0805
4.0952
4.1100
4.1250
4.1401
4.1553
4.1706
4.1860
4.2016
4.2172
4.2330
4.2488
4.2647
4.2807
4.2968
4.3130
4.3293
4.3456
4.3621
4.3786
4.3951
4.4118
4.4284
4.4452
4.4620
4.4789
4.4958
4.5128
4.5298
4.5469
4.5640
4.5812
4.5984
4.6157
4.6329
4.6503
4.6676
4.6850
4.7024
4.7199
4.7373
4.7548
4.7723
4.7899
4.8075
4.8250
4.8426
4.8603
4.8779
4.8956
4.9132
4.9309
4.9486
4.9663
4.9840
5.0018
5.0195
5.0372
5.0550
5.0727
5.0905
5.1083
5.1261
5.1438
5.1616
5.1794
5.1972
5.2150
5.2328
5.2506
5.2684
5.2862
5.3040
5.3218
5.3397
5.3575
5.3753
5.3931
5.4109
5.4287
5.4465
5.4644
5.4822
5.5000
5.5178
5.5356
5.5535
5.5713
5.5891
5.6069
5.6247
5.6425
5.6603
5.6782
5.6960
5.7138
5.7316
5.7494
5.7672
5.7850
5.8028
5.8206
5.8384
5.8562
5.8739
5.8917
5.9095
5.9273
5.9450
5.9628
5.9805
5.9982
6.0160
6.0337
6.0514
6.0691
6.0868
6.1044
6.1221
6.1397
6.1574
6.1750
6.1925
6.2101
6.2277
6.2452
6.2627
6.2801
6.2976
6.3150
6.3324
6.3497
6.3671
6.3843
6.4016
6.4188
6.4360
6.4531
6.4702
6.4872
6.5042
6.5211
6.5380
6.5548
6.5716
6.5882
6.6049
6.6214
6.6379
6.6544
6.6707
6.6870
6.7032
6.7193
6.7353
6.7512
6.7670
6.7828
6.7984
6.8140
6.8294
6.8447
6.8599
6.8750
6.8900
6.9048
6.9195
6.9341
6.9486
6.9629
6.9771
6.9911
7.0050
7.0187
7.0323
7.0457
7.0589
7.0720
7.0849
7.0976
7.1102
7.1225
7.1347
7.1467
7.1585
7.1700
7.1814
7.1926
7.2035
7.2143
7.2248
7.2351
7.2451
7.2550
7.2646
7.2739
7.2830
7.2919
7.3005
7.3088
7.3169
7.3247
7.3322
7.3395
7.3465
7.3532
7.3597
7.3658
7.3716
7.3772
7.3824
7.3874
7.3920
7.3964
7.4004
7.4041
7.4075
7.4106
7.4133
7.4157
7.4178
7.4195
7.4209
7.4220
7.4227
7.4231
7.4231
7.4228
7.4221
7.4211
7.4197
7.4180
7.4159
7.4134
7.4106
7.4073
7.4038
7.3998
7.3955
7.3908
7.3858
7.3803
7.3745
7.3683
7.3618
7.3548
7.3475
7.3398
7.3317
7.3232
7.3144
7.3052
7.2955
7.2856
7.2752
7.2645
7.2533
7.2418
7.2300
7.2177
7.2051
7.1921
7.1787
7.1650
7.1509
7.1364
7.1216
7.1064
7.0908
7.0749
7.0586
7.0420
7.0250
7.0077
6.9900
6.9720
6.9536
6.9349
6.9159
6.8965
6.8769
6.8569
6.8365
6.8159
6.7950
6.7737
6.7522
6.7303
6.7082
6.6857
6.6630
6.6400
6.6168
6.5932
6.5694
6.5454
6.5211
6.4965
6.4717
6.4467
6.4214
6.3959
6.3702
6.3443
6.3182
6.2919
6.2653
6.2386
6.2117
6.1847
6.1574
6.1300
6.1025
6.0748
6.0469
6.0189
5.9908
5.9626
5.9342
5.9058
5.8772
5.8486
5.8198
5.7910
5.7621
5.7332
5.7041
5.6751
5.6460
5.6168
5.5876
5.5584
5.5292
5.5000
5.4708
5.4416
5.4124
5.3832
5.3540
5.3249
5.2959
5.2668
5.2379
5.2090
5.1802
5.1514
5.1228
5.0942
5.0658
5.0374
5.0092
4.9811
4.9531
4.9252
4.8975
4.8700
4.8426
4.8153
4.7883
4.7614
4.7347
4.7081
4.6818
4.6557
4.6298
4.6041
4.5786
4.5533
4.5283
4.5035
4.4789
4.4546
4.4306
4.4068
4.3832
4.3600
4.3370
4.3143
4.2918
4.2697
4.2478
4.2263
4.2050
4.1841
4.1635
4.1431
4.1231
4.1035
4.0841
4.0651
4.0464
4.0280
4.0100
3.9923
3.9750
3.9580
3.9414
3.9251
3.9092
3.8936
3.8784
3.8636
3.8491
3.8350
3.8213
3.8079
3.7949
3.7823
3.7700
3.7582
3.7467
3.7355
3.7248
3.7144
3.7045
3.6948
3.6856
3.6768
3.6683
3.6602
3.6525
3.6452
3.6382
3.6317
3.6255
3.6197
3.6142
3.6092
3.6045
3.6002
3.5962
3.5927
3.5894
3.5866
3.5841
3.5820
3.5803
3.5789
3.5779
3.5772
3.5769
3.5769
3.5773
3.5780
3.5791
3.5805
3.5822
3.5843
3.5867
3.5894
3.5925
3.5959
3.5996
3.6036
3.6080
3.6126
3.6176
3.6228
3.6284
3.6342
3.6403
3.6468
3.6535
3.6605
3.6678
3.6753
3.6831
3.6912
3.6995
3.7081
3.7170
3.7261
3.7354
3.7450
3.7549
3.7649
3.7752
3.7857
3.7965
3.8074
3.8186
3.8300
3.8415
3.8533
3.8653
3.8775
3.8898
3.9024
3.9151
3.9280
3.9411
3.9543
3.9677
3.9813
3.9950
4.0089
4.0229
4.0371
4.0514
4.0659
4.0805
4.0952
4.1100
4.1250
4.1401
4.1553
4.1706
4.1860
4.2016
4.2172
4.2330
4.2488
4.2647
4.2807
4.2968
4.3130
4.3293
4.3456
4.3621
4.3786
4.3951
4.4118
4.4284
4.4452
4.4620
4.4789
4.4958
4.5128
4.5298
4.5469
4.5640
4.5812
4.5984
4.6157
4.6329
4.6503
4.6676
4.6850
4.7024
4.7199
4.7373
4.7548
4.7723
4.7899
4.8075
4.8250
4.8426
4.8603
4.8779
4.8956
4.9132
4.9309
4.9486
4.9663
4.9840
5.0018
5.0195
5.0372
5.0550
5.0727
5.0905
5.1083
5.1261
5.1438
5.1616
5.1794
5.1972
5.2150
5.2328
5.2506
5.2684
5.2862
5.3040
5.3218
5.3397
5.3575
5.3753
5.3931
5.4109
5.4287
5.4465
5.4644
5.4822
5.5000
5.5178
5.5356
5.5535
5.5713
5.5891
5.6069
5.6247
5.6425
5.6603
5.6782
5.6960
5.7138
5.7316
5.7494
5.7672
5.7850
5.8028
5.8206
5.8384
5.8562
5.8739
5.8917
5.9095
5.9273
5.9450
5.9628
5.9805
5.9982
6.0160
6.0337
6.0514
6.0691
6.0868
6.1044
6.1221
6.1397
6.1574
6.1750
6.1925
6.2101
6.2277
6.2452
6.2627
6.2801
6.2976
6.3150
6.3324
6.3497
6.3671
6.3843
6.4016
6.4188
6.4360
6.4531
6.4702
6.4872
6.5042
6.5211
6.5380
6.5548
6.5716
6.5882
6.6049
6.6214
6.6379
6.6544
6.6707
6.6870
6.7032
6.7193
6.7353
6.7512
6.7670
6.7828
6.7984
6.8140
6.8294
6.8447
6.8599
6.8750
6.8900
6.9048
6.9195
6.9341
6.9486
6.9629
6.9771
6.9911
7.0050
7.0187
7.0323
7.0457
7.0589
7.0720
7.0849
7.0976
7.1102
7.1225
7.1347
7.1467
7.1585
7.1700
7.1814
7.1926
7.2035
7.2143
7.2248
7.2351
7.2451
7.2550
7.2646
7.2739
7.2830
7.2919
7.3005
7.3088
7.3169
7.3247
7.3322
7.3395
7.3465
7.3532
7.3597
7.3658
7.3716
7.3772
7.3824
7.3874
7.3920
7.3964
7.4004
7.4041
7.4075
7.4106
7.4133
7.4157
7.4178
7.4195
7.4209
7.4220
7.4227
7.4231
7.4231
7.4228
7.4221
7.4211
7.4197
7.4180
7.4159
7.4134
7.4106
7.4073
7.4038
7.3998
7.3955
7.3908
7.3858
7.3803
7.3745
7.3683
7.3618
7.3548
7.3475
7.3398
7.3317
7.3232
7.3144
7.3052
7.2955
7.2856
7.2752
7.2645
7.2533
7.2418
7.2300
7.2177
7.2051
7.1921
7.1787
7.1650
7.1509
7.1364
7.1216
7.1064
7.0908
7.0749
7.0586
7.0420
7.0250
7.0077
6.9900
6.9720
6.9536
6.9349
6.9159
6.8965
6.8769
6.8569
6.8365
6.8159
6.7950
6.7737
6.7522
6.7303
6.7082
6.6857
6.6630
6.6400
6.6168
6.5932
6.5694
6.5454
6.5211
6.4965
6.4717
6.4467
6.4214
6.3959
6.3702
6.3443
6.3182
6.2919
6.2653
6.2386
6.2117
6.1847
6.1574
6.1300
6.1025
6.0748
6.0469
6.0189
5.9908
5.9626
5.9342
5.9058
5.8772
5.8486
5.8198
5.7910
5.7621
5.7332
5.7041
5.6751
5.6460
5.6168
5.5876
5.5584
5.5292
5.5000
5.4708
5.4416
5.4124
5.3832
5.3540
5.3249
5.2959
5.2668
5.2379
5.2090
5.1802
5.1514
5.1228
5.0942
5.0658
5.0374
5.0092
4.9811
4.9531
4.9252
4.8975
4.8700
4.8426
4.8153
4.7883
4.7614
4.7347
4.7081
4.6818
4.6557
4.6298
4.6041
4.5786
4.5533
4.5283
4.5035
4.4789
4.4546
4.4306
4.4068
4.3832
4.3600
4.3370
4.3143
4.2918
4.2697
4.2478
4.2263
4.2050
4.1841
4.1635
4.1431
4.1231
4.1035
4.0841
4.0651
4.0464
4.0280
4.0100
3.9923
3.9750
3.9580
3.9414
3.9251
3.9092
3.8936
3.8784
3.8636
3.8491
3.8350
3.8213
3.8079
3.7949
3.7823
3.7700
3.7582
3.7467
3.7355
3.7248
3.7144
3.7045
3.6948
3.6856
3.6768
3.6683
3.6602
3.6525
3.6452
3.6382
3.6317
3.6255
3.6197
3.6142
3.6092
3.6045
3.6002
3.5962
3.5927
3.5894
3.5866
3.5841
3.5820
3.5803
3.5789
3.5779
3.5772
3.5769
3.5769
3.5773
3.5780
3.5791
3.5805
3.5822
3.5843
3.5867
3.5894
3.5925
3.5959
3.5996
3.6036
3.6080
3.6126
3.6176
3.6228
3.6284
3.6342
3.6403
3.6468
3.6535
3.6605
3.6678
3.6753
3.6831
3.6912
3.6995
3.7081
3.7170
3.7261
3.7354
3.7450
3.7549
3.7649
3.7752
3.7857
3.7965
3.8074
3.8186
3.8300
3.8415
3.8533
3.8653
3.8775
3.8898
3.9024
3.9151
3.9280
3.9411
3.9543
3.9677
3.9813
3.9950
4.0089
4.0229
4.0371
4.0514
4.0659
4.0805
4.0952
4.1100
4.1250
4.1401
4.1553
4.1706
4.1860
4.2016
4.2172
4.2330
4.2488
4.2647
4.2807
4.2968
4.3130
4.3293
4.3456
4.3621
4.3786
4.3951
4.4118
4.4284
4.4452
4.4620
4.4789
4.4958
4.5128
4.5298
4.5469
4.5640
4.5812
4.5984
4.6157
4.6329
4.6503
4.6676
4.6850
4.7024
4.7199
4.7373
4.7548
4.7723
4.7899
4.8075
4.8250
4.8426
4.8603
4.8779
4.8956
4.9132
4.9309
4.9486
4.9663
4.9840
5.0018
5.0195
5.0372
5.0550
5.0727
5.0905
5.1083
5.1261
5.1438
5.1616
5.1794
5.1972
5.2150
5.2328
5.2506
5.2684
5.2862
5.3040
5.3218
5.3397
5.3575
5.3753
5.3931
5.4109
5.4287
5.4465
5.4644
5.4822
5.5000
5.5178
5.5356
5.5535
5.5713
5.5891
5.6069
5.6247
5.6425
5.6603
5.6782
5.6960
5.7138
5.7316
5.7494
5.7672
5.7850
5.8028
5.8206
5.8384
5.8562
5.8739
5.8917
5.9095
5.9273
5.9450
5.9628
5.9805
5.9982
6.0160
6.0337
6.0514
6.0691
6.0868
6.1044
6.1221
6.1397
6.1574
6.1750
6.1925
6.2101
6.2277
6.2452
6.2627
6.2801
6.2976
6.3150
6.3324
6.3497
6.3671
6.3843
6.4016
6.4188
6.4360
6.4531
6.4702
6.4872
6.5042
6.5211
6.5380
6.5548
6.5716
6.5882
6.6049
6.6214
6.6379
6.6544
6.6707
6.6870
6.7032
6.7193
6.7353
6.7512
6.7670
6.7828
6.7984
6.8140
6.8294
6.8447
6.8599
6.8750
6.8900
6.9048
6.9195
6.9341
6.9486
6.9629
6.9771
6.9911
7.0050
7.0187
7.0323
7.0457
7.0589
7.0720
7.0849
7.0976
7.1102
7.1225
7.1347
7.1467
7.1585
7.1700
7.1814
7.1926
7.2035
7.2143
7.2248
7.2351
7.2451
7.2550
7.2646
7.2739
7.2830
7.2919
7.3005
7.3088
7.3169
7.3247
7.3322
7.3395
7.3465
7.3532
7.3597
7.3658
7.3716
7.3772
7.3824
7.3874
7.3920
7.3964
7.4004
7.4041
7.4075
7.4106
7.4133
7.4157
7.4178
7.4195
7.4209
7.4220
7.4227
7.4231
7.4231
7.4228
7.4221
7.4211
7.4197
7.4180
7.4159
7.4134
7.4106
7.4073
7.4038
7.3998
7.3955
7.3908
7.3858
7.3803
7.3745
7.3683
7.3618
7.3548
7.3475
7.3398
7.3317
7.3232
7.3144
7.3052
7.2955
7.2856
7.2752
7.2645
7.2533
7.2418
7.2300
7.2177
7.2051
7.1921
7.1787
7.1650
7.1509
7.1364
7.1216
7.1064
7.0908
7.0749
7.0586
7.0420
7.0250
7.0077
6.9900
6.9720
6.9536
6.9349
6.9159
6.8965
6.8769
6.8569
6.8365
6.8159
6.7950
6.7737
6.7522
6.7303
6.7082
6.6857
6.6630
6.6400
6.6168
6.5932
6.5694
6.5454
6.5211
6.4965
6.4717
6.4467
6.4214
6.3959
6.3702
6.3443
6.3182
6.2919
6.2653
6.2386
6.2117
6.1847
6.1574
6.1300
6.1025
6.0748
6.0469
6.0189
5.9908
5.9626
5.9342
5.9058
5.8772
5.8486
5.8198
5.7910
5.7621
5.7332
5.7041
5.6751
5.6460
5.6168
5.5876
5.5584
5.5292
5.5000
5.4708
5.4416
5.4124
5.3832
5.3540
5.3249
5.2959
5.2668
5.2379
5.2090
5.1802
5.1514
5.1228
5.0942
5.0658
5.0374
5.0092
4.9811
4.9531
4.9252
4.8975
4.8700
4.8426
4.8153
4.7883
4.7614
4.7347
4.7081
4.6818
4.6557
4.6298
4.6041
4.5786
4.5533
4.5283
4.5035
4.4789
4.4546
4.4306
4.4068
4.3832
4.3600
4.3370
4.3143
4.2918
4.2697
4.2478
4.2263
4.2050
4.1841
4.1635
4.1431
4.1231
4.1035
4.0841
4.0651
4.0464
4.0280
4.0100
3.9923
3.9750
3.9580
3.9414
3.9251
3.9092
3.8936
3.8784
3.8636
3.8491
3.8350
3.8213
3.8079
3.7949
3.7823
3.7700
3.7582
3.7467
3.7355
3.7248
3.7144
3.7045
3.6948
3.6856
3.6768
3.6683
3.6602
3.6525
3.6452
3.6382
3.6317
3.6255
3.6197
3.6142
3.6092
3.6045
3.6002
3.5962
3.5927
3.5894
3.5866
3.5841
3.5820
3.5803
3.5789
3.5779
3.5772
3.5769
3.5769
3.5773
3.5780
3.5791
3.5805
3.5822
3.5843
3.5867
3.5894
3.5925
3.5959
3.5996
3.6036
3.6080
3.6126
3.6176
3.6228
3.6284
3.6342
3.6403
3.6468
3.6535
3.6605
3.6678
3.6753
3.6831
3.6912
3.6995
3.7081
3.7170
3.7261
3.7354
3.7450
3.7549
3.7649
3.7752
3.7857
3.7965
3.8074
3.8186
3.8300
3.8415
3.8533
3.8653
3.8775
3.8898
3.9024
3.9151
3.9280
3.9411
3.9543
3.9677
3.9813
3.9950
4.0089
4.0229
4.0371
4.0514
4.0659
4.0805
4.0952
4.1100
4.1250
4.1401
4.1553
4.1706
4.1860
4.2016
4.2172
4.2330
4.2488
4.2647
4.2807
4.2968
4.3130
4.3293
4.3456
4.3621
4.3786
4.3951
4.4118
4.4284
4.4452
4.4620
4.4789
4.4958
4.5128
4.5298
4.5469
4.5640
4.5812
4.5984
4.6157
4.6329
4.6503
4.6676
4.6850
4.7024
4.7199
4.7373
4.7548
4.7723
4.7899
4.8075
4.8250
4.8426
4.8603
4.8779
4.8956
4.9132
4.9309
4.9486
4.9663
4.9840
5.0018
5.0195
5.0372
5.0550
5.0727
5.0905
5.1083
5.1261
5.1438
5.1616
5.1794
5.1972
5.2150
5.2328
5.2506
5.2684
5.2862
5.3040
5.3218
5.3397
5.3575
5.3753
5.3931
5.4109
5.4287
5.4465
5.4644
5.4822
5.5000
5.5178
5.5356
5.5535
5.5713
5.5891
5.6069
5.6247
5.6425
5.6603
5.6782
5.6960
5.7138
5.7316
5.7494
5.7672
5.7850
5.8028
5.8206
5.8384
5.8562
5.8739
5.8917
5.9095
5.9273
5.9450
5.9628
5.9805
5.9982
6.0160
6.0337
6.0514
6.0691
6.0868
6.1044
6.1221
6.1397
6.1574
6.1750
6.1925
6.2101
6.2277
6.2452
6.2627
6.2801
6.2976
6.3150
6.3324
6.3497
6.3671
6.3843
6.4016
6.4188
6.4360
6.4531
6.4702
6.4872
6.5042
6.5211
6.5380
6.5548
6.5716
6.5882
6.6049
6.6214
6.6379
6.6544
6.6707
6.6870
6.7032
6.7193
6.7353
6.7512
6.7670
6.7828
6.7984
6.8140
6.8294
6.8447
6.8599
6.8750
6.8900
6.9048
6.9195
6.9341
6.9486
6.9629
6.9771
6.9911
7.0050
7.0187
7.0323
7.0457
7.0589
7.0720
7.0849
7.0976
7.1102
7.1225
7.1347
7.1467
7.1585
7.1700
7.1814
7.1926
7.2035
7.2143
7.2248
7.2351
7.2451
7.2550
7.2646
7.2739
7.2830
7.2919
7.3005
7.3088
7.3169
7.3247
7.3322
7.3395
7.3465
7.3532
7.3597
7.3658
7.3716
7.3772
7.3824
7.3874
7.3920
7.3964
7.4004
7.4041
7.4075
7.4106
7.4133
7.4157
7.4178
7.4195
7.4209
7.4220
7.4227
7.4231
7.4231
7.4228
7.4221
7.4211
7.4197
7.4180
7.4159
7.4134
7.4106
7.4073
7.4038
7.3998
7.3955
7.3908
7.3858
7.3803
7.3745
7.3683
7.3618
7.3548
7.3475
7.3398
7.3317
7.3232
7.3144
7.3052
7.2955
7.2856
7.2752
7.2645
7.2533
7.2418
7.2300
7.2177
7.2051
7.1921
7.1787
7.1650
7.1509
7.1364
7.1216
7.1064
7.0908
7.0749
7.0586
7.0420
7.0250
7.0077
6.9900
6.9720
6.9536
6.9349
6.9159
6.8965
6.8769
6.8569
6.8365
6.8159
6.7950
6.7737
6.7522
6.7303
6.7082
6.6857
6.6630
6.6400
6.6168
6.5932
6.5694
6.5454
6.5211
6.4965
6.4717
6.4467
6.4214
6.3959
6.3702
6.3443
6.3182
6.2919
6.2653
6.2386
6.2117
6.1847
6.1574
6.1300
6.1025
6.0748
6.0469
6.0189
5.9908
5.9626
5.9342
5.9058
5.8772
5.8486
5.8198
5.7910
5.7621
5.7332
5.7041
5.6751
5.6460
5.6168
5.5876
5.5584
5.5292
5.5000
5.4708
5.4416
5.4124
5.3832
5.3540
5.3249
5.2959
5.2668
5.2379
5.2090
5.1802
5.1514
5.1228
5.0942
5.0658
5.0374
5.0092
4.9811
4.9531
4.9252
4.8975
4.8700
4.8426
4.8153
4.7883
4.7614
4.7347
4.7081
4.6818
4.6557
4.6298
4.6041
4.5786
4.5533
4.5283
4.5035
4.4789
4.4546
4.4306
4.4068
4.3832
4.3600
4.3370
4.3143
4.2918
4.2697
4.2478
4.2263
4.2050
4.1841
4.1635
4.1431
4.1231
4.1035
4.0841
4.0651
4.0464
4.0280
4.0100
3.9923
3.9750
3.9580
3.9414
3.9251
3.9092
3.8936
3.8784
3.8636
3.8491
3.8350
3.8213
3.8079
3.7949
3.7823
3.7700
3.7582
3.7467
3.7355
3.7248
3.7144
3.7045
3.6948
3.6856
3.6768
3.6683
3.6602
3.6525
3.6452
3.6382
3.6317
3.6255
3.6197
3.6142
3.6092
3.6045
3.6002
3.5962
3.5927
3.5894
3.5866
3.5841
3.5820
3.5803
3.5789
3.5779
3.5772
3.5769
3.5769
3.5773
3.5780
3.5791
3.5805
3.5822
3.5843
3.5867
3.5894
3.5925
3.5959
3.5996
3.6036
3.6080
3.6126
3.6176
3.6228
3.6284
3.6342
3.6403
3.6468
3.6535
3.6605
3.6678
3.6753
3.6831
3.6912
3.6995
3.7081
3.7170
3.7261
3.7354
3.7450
3.7549
3.7649
3.7752
3.7857
3.7965
3.8074
3.8186
3.8300
3.8415
3.8533
3.8653
3.8775
3.8898
3.9024
3.9151
3.9280
3.9411
3.9543
3.9677
3.9813
3.9950
4.0089
4.0229
4.0371
4.0514
4.0659
4.0805
4.0952
4.1100
4.1250
4.1401
4.1553
4.1706
4.1860
4.2016
4.2172
4.2330
4.2488
4.2647
4.2807
4.2968
4.3130
4.3293
4.3456
4.3621
4.3786
4.3951
4.4118
4.4284
4.4452
4.4620
4.4789
4.4958
4.5128
4.5298
4.5469
4.5640
4.5812
4.5984
4.6157
4.6329
4.6503
4.6676
4.6850
4.7024
4.7199
4.7373
4.7548
4.7723
4.7899
4.8075
4.8250
4.8426
4.8603
4.8779
4.8956
4.9132
4.9309
4.9486
4.9663
4.9840
5.0018
5.0195
5.0372
5.0550
5.0727
5.0905
5.1083
5.1261
5.1438
5.1616
5.1794
5.1972
5.2150
5.2328
5.2506
5.2684
5.2862
5.3040
5.3218
5.3397
5.3575
5.3753
5.3931
5.4109
5.4287
5.4465
5.4644
5.4822
5.5000
5.5178
5.5356
5.5535
5.5713
5.5891
5.6069
5.6247
5.6425
5.6603
5.6782
5.6960
5.7138
5.7316
5.7494
5.7672
5.7850
5.8028
5.8206
5.8384
5.8562
5.8739
5.8917
5.9095
5.9273
5.9450
5.9628
5.9805
5.9982
6.0160
6.0337
6.0514
6.0691
6.0868
6.1044
6.1221
6.1397
6.1574
6.1750
6.1925
6.2101
6.2277
6.2452
6.2627
6.2801
6.2976
6.3150
6.3324
6.3497
6.3671
6.3843
6.4016
6.4188
6.4360
6.4531
6.4702
6.4872
6.5042
6.5211
6.5380
6.5548
6.5716
6.5882
6.6049
6.6214
6.6379
6.6544
6.6707
6.6870
6.7032
6.7193
6.7353
6.7512
6.7670
6.7828
6.7984
6.8140
6.8294
6.8447
6.8599
6.8750
6.8900
6.9048
6.9195
6.9341
6.9486
6.9629
6.9771
6.9911
7.0050
7.0187
7.0323
7.0457
7.0589
7.0720
7.0849
7.0976
7.1102
7.1225
7.1347
7.1467
7.1585
7.1700
7.1814
7.1926
7.2035
7.2143
7.2248
7.2351
7.2451
7.2550
7.2646
7.2739
7.2830
7.2919
7.3005
7.3088
7.3169
7.3247
7.3322
7.3395
7.3465
7.3532
7.3597
7.3658
7.3716
7.3772
7.3824
7.3874
7.3920
7.3964
7.4004
7.4041
7.4075
7.4106
7.4133
7.4157
7.4178
7.4195
7.4209
7.4220
7.4227
7.4231
7.4231
7.4228
7.4221
7.4211
7.4197
7.4180
7.4159
7.4134
7.4106
7.4073
7.4038
7.3998
7.3955
7.3908
7.3858
7.3803
7.3745
7.3683
7.3618
7.3548
7.3475
7.3398
7.3317
7.3232
7.3144
7.3052
7.2955
7.2856
7.2752
7.2645
7.2533
7.2418
7.2300
7.2177
7.2051
7.1921
7.1787
7.1650
7.1509
7.1364
7.1216
7.1064
7.0908
7.0749
7.0586
7.0420
7.0250
7.0077
6.9900
6.9720
6.9536
6.9349
6.9159
6.8965
6.8769
6.8569
6.8365
6.8159
6.7950
6.7737
6.7522
6.7303
6.7082
6.6857
6.6630
6.6400
6.6168
6.5932
6.5694
6.5454
6.5211
6.4965
6.4717
6.4467
6.4214
6.3959
6.3702
6.3443
6.3182
6.2919
6.2653
6.2386
6.2117
6.1847
6.1574
6.1300
6.1025
6.0748
6.0469
6.0189
5.9908
5.9626
5.9342
5.9058
5.8772
5.8486
5.8198
5.7910
5.7621
5.7332
5.7041
5.6751
5.6460
5.6168
5.5876
5.5584
5.5292
5.5000
5.4708
5.4416
5.4124
5.3832
5.3540
5.3249
5.2959
5.2668
5.2379
5.2090
5.1802
5.1514
5.1228
5.0942
5.0658
5.0374
5.0092
4.9811
4.9531
4.9252
4.8975
4.8700
4.8426
4.8153
4.7883
4.7614
4.7347
4.7081
4.6818
4.6557
4.6298
4.6041
4.5786
4.5533
4.5283
4.5035
4.4789
4.4546
4.4306
4.4068
4.3832
4.3600
4.3370
4.3143
4.2918
4.2697
4.2478
4.2263
4.2050
4.1841
4.1635
4.1431
4.1231
4.1035
4.0841
4.0651
4.0464
4.0280
4.0100
3.9923
3.9750
3.9580
3.9414
3.9251
3.9092
3.8936
3.8784
3.8636
3.8491
3.8350
3.8213
3.8079
3.7949
3.7823
3.7700
3.7582
3.7467
3.7355
3.7248
3.7144
3.7045
3.6948
3.6856
3.6768
3.6683
3.6602
3.6525
3.6452
3.6382
3.6317
3.6255
3.6197
3.6142
3.6092
3.6045
3.6002
3.5962
3.5927
3.5894
3.5866
3.5841
3.5820
3.5803
3.5789
3.5779
3.5772
3.5769
3.5769
3.5773
3.5780
3.5791
3.5805
3.5822
3.5843
3.5867
3.5894
3.5925
3.5959
3.5996
3.6036
3.6080
3.6126
3.6176
3.6228
3.6284
3.6342
3.6403
3.6468
3.6535
3.6605
3.6678
3.6753
3.6831
3.6912
3.6995
3.7081
3.7170
3.7261
3.7354
3.7450
3.7549
3.7649
3.7752
3.7857
3.7965
3.8074
3.8186
3.8300
3.8415
3.8533
3.8653
3.8775
3.8898
3.9024
3.9151
3.9280
3.9411
3.9543
3.9677
3.9813
3.9950
4.0089
4.0229
4.0371
4.0514
4.0659
4.0805
4.0952
4.1100
4.1250
4.1401
4.1553
4.1706
4.1860
4.2016
4.2172
4.2330
4.2488
4.2647
4.2807
4.2968
4.3130
4.3293
4.3456
4.3621
4.3786
4.3951
4.4118
4.4284
4.4452
4.4620
4.4789
4.4958
4.5128
4.5298
4.5469
4.5640
4.5812
4.5984
4.6157
4.6329
4.6503
4.6676
4.6850
4.7024
4.7199
4.7373
4.7548
4.7723
4.7899
4.8075
4.8250
4.8426
4.8603
4.8779
4.8956
4.9132
4.9309
4.9486
4.9663
4.9840
5.0018
5.0195
5.0372
5.0550
5.0727
5.0905
5.1083
5.1261
5.1438
5.1616
5.1794
5.1972
5.2150
5.2328
5.2506
5.2684
5.2862
5.3040
5.3218
5.3397
5.3575
5.3753
5.3931
5.4109
5.4287
5.4465
5.4644
5.4822
5.5000
5.5178
5.5356
5.5535
5.5713
5.5891
5.6069
5.6247
5.6425
5.6603
5.6782
5.6960
5.7138
5.7316
5.7494
5.7672
5.7850
5.8028
5.8206
5.8384
5.8562
5.8739
5.8917
5.9095
5.9273
5.9450
5.9628
5.9805
5.9982
6.0160
6.0337
6.0514
6.0691
6.0868
6.1044
6.1221
6.1397
6.1574
6.1750
6.1925
6.2101
6.2277
6.2452
6.2627
6.2801
6.2976
6.3150
6.3324
6.3497
6.3671
6.3843
6.4016
6.4188
6.4360
6.4531
6.4702
6.4872
6.5042
6.5211
6.5380
6.5548
6.5716
6.5882
6.6049
6.6214
6.6379
6.6544
6.6707
6.6870
6.7032
6.7193
6.7353
6.7512
6.7670
6.7828
6.7984
6.8140
6.8294
6.8447
6.8599
6.8750
6.8900
6.9048
6.9195
6.9341
6.9486
6.9629
6.9771
6.9911
7.0050
7.0187
7.0323
7.0457
7.0589
7.0720
7.0849
7.0976
7.1102
7.1225
7.1347
7.1467
7.1585
7.1700
7.1814
7.1926
7.2035
7.2143
7.2248
7.2351
7.2451
7.2550
7.2646
7.2739
7.2830
7.2919
7.3005
7.3088
7.3169
7.3247
7.3322
7.3395
7.3465
7.3532
7.3597
7.3658
7.3716
7.3772
7.3824
7.3874
7.3920
7.3964
7.4004
7.4041
7.4075
7.4106
7.4133
7.4157
7.4178
7.4195
7.4209
7.4220
7.4227
7.4231
7.4231
7.4228
7.4221
7.4211
7.4197
7.4180
7.4159
7.4134
7.4106
7.4073
7.4038
7.3998
7.3955
7.3908
7.3858
7.3803
7.3745
7.3683
7.3618
7.3548
7.3475
7.3398
7.3317
7.3232
7.3144
7.3052
7.2955
7.2856
7.2752
7.2645
7.2533
7.2418
7.2300
7.2177
7.2051
7.1921
7.1787
7.1650
7.1509
7.1364
7.1216
7.1064
7.0908
7.0749
7.0586
7.0420
7.0250
7.0077
6.9900
6.9720
6.9536
6.9349
6.9159
6.8965
6.8769
6.8569
6.8365
6.8159
6.7950
6.7737
6.7522
6.7303
6.7082
6.6857
6.6630
6.6400
6.6168
6.5932
6.5694
6.5454
6.5211
6.4965
6.4717
6.4467
6.4214
6.3959
6.3702
6.3443
6.3182
6.2919
6.2653
6.2386
6.2117
6.1847
6.1574
6.1300
6.1025
6.0748
6.0469
6.0189
5.9908
5.9626
5.9342
5.9058
5.8772
5.8486
5.8198
5.7910
5.7621
5.7332
5.7041
5.6751
5.6460
5.6168
5.5876
5.5584
5.5292
5.5000
5.4708
5.4416
5.4124
5.3832
5.3540
5.3249
5.2959
5.2668
5.2379
5.2090
5.1802
5.1514
5.1228
5.0942
5.0658
5.0374
5.0092
4.9811
4.9531
4.9252
4.8975
4.8700
4.8426
4.8153
4.7883
4.7614
4.7347
4.7081
4.6818
4.6557
4.6298
4.6041
4.5786
4.5533
4.5283
4.5035
4.4789
4.4546
4.4306
4.4068
4.3832
4.3600
4.3370
4.3143
4.2918
4.2697
4.2478
4.2263
4.2050
4.1841
4.1635
4.1431
4.1231
4.1035
4.0841
4.0651
4.0464
4.0280
4.0100
3.9923
3.9750
3.9580
3.9414
3.9251
3.9092
3.8936
3.8784
3.8636
3.8491
3.8350
3.8213
3.8079
3.7949
3.7823
3.7700
3.7582
3.7467
3.7355
3.7248
3.7144
3.7045
3.6948
3.6856
3.6768
3.6683
3.6602
3.6525
3.6452
3.6382
3.6317
3.6255
3.6197
3.6142
3.6092
3.6045
3.6002
3.5962
3.5927
3.5894
3.5866
3.5841
3.5820
3.5803
3.5789
3.5779
3.5772
3.5769
3.5769
3.5773
3.5780
3.5791
3.5805
3.5822
3.5843
3.5867
3.5894
3.5925
3.5959
3.5996
3.6036
3.6080
3.6126
3.6176
3.6228
3.6284
3.6342
3.6403
3.6468
3.6535
3.6605
3.6678
3.6753
3.6831
3.6912
3.6995
3.7081
3.7170
3.7261
3.7354
3.7450
3.7549
3.7649
3.7752
3.7857
3.7965
3.8074
3.8186
3.8300
3.8415
3.8533
3.8653
3.8775
3.8898
3.9024
3.9151
3.9280
3.9411
3.9543
3.9677
3.9813
3.9950
4.0089
4.0229
4.0371
4.0514
4.0659
4.0805
4.0952
4.1100
4.1250
4.1401
4.1553
4.1706
4.1860
4.2016
4.2172
4.2330
4.2488
4.2647
4.2807
4.2968
4.3130
4.3293
4.3456
4.3621
4.3786
4.3951
4.4118
4.4284
4.4452
4.4620
4.4789
4.4958
4.5128
4.5298
4.5469
4.5640
4.5812
4.5984
4.6157
4.6329
4.6503
4.6676
4.6850
4.7024
4.7199
4.7373
4.7548
4.7723
4.7899
4.8075
4.8250
4.8426
4.8603
4.8779
4.8956
4.9132
4.9309
4.9486
4.9663
4.9840
5.0018
5.0195
5.0372
5.0550
5.0727
5.0905
5.1083
5.1261
5.1438
5.1616
5.1794
5.1972
5.2150
5.2328
5.2506
5.2684
5.2862
5.3040
5.3218
5.3397
5.3575
5.3753
5.3931
5.4109
5.4287
5.4465
5.4644
5.4822
5.5000
5.5178
5.5356
5.5535
5.5713
5.5891
5.6069
5.6247
5.6425
5.6603
5.6782
5.6960
5.7138
5.7316
5.7494
5.7672
5.7850
5.8028
5.8206
5.8384
5.8562
5.8739
5.8917
5.9095
5.9273
5.9450
5.9628
5.9805
5.9982
6.0160
6.0337
6.0514
6.0691
6.0868
6.1044
6.1221
6.1397
6.1574
6.1750
6.1925
6.2101
6.2277
6.2452
6.2627
6.2801
6.2976
6.3150
6.3324
6.3497
6.3671
6.3843
6.4016
6.4188
6.4360
6.4531
6.4702
6.4872
6.5042
6.5211
6.5380
6.5548
6.5716
6.5882
6.6049
6.6214
6.6379
6.6544
6.6707
6.6870
6.7032
6.7193
6.7353
6.7512
6.7670
6.7828
6.7984
6.8140
6.8294
6.8447
6.8599
6.8750
6.8900
6.9048
6.9195
6.9341
6.9486
6.9629
6.9771
6.9911
7.0050
7.0187
7.0323
7.0457
7.0589
7.0720
7.0849
7.0976
7.1102
7.1225
7.1347
7.1467
7.1585
7.1700
7.1814
7.1926
7.2035
7.2143
7.2248
7.2351
7.2451
7.2550
7.2646
7.2739
7.2830
7.2919
7.3005
7.3088
7.3169
7.3247
7.3322
7.3395
7.3465
7.3532
7.3597
7.3658
7.3716
7.3772
7.3824
7.3874
7.3920
7.3964
7.4004
7.4041
7.4075
7.4106
7.4133
7.4157
7.4178
7.4195
7.4209
7.4220
7.4227
7.4231
7.4231
7.4228
7.4221
7.4211
7.4197
7.4180
7.4159
7.4134
7.4106
7.4073
7.4038
7.3998
7.3955
7.3908
7.3858
7.3803
7.3745
7.3683
7.3618
7.3548
7.3475
7.3398
7.3317
7.3232
7.3144
7.3052
7.2955
7.2856
7.2752
7.2645
7.2533
7.2418
7.2300
7.2177
7.2051
7.1921
7.1787
7.1650
7.1509
7.1364
7.1216
7.1064
7.0908
7.0749
7.0586
7.0420
7.0250
7.0077
6.9900
6.9720
6.9536
6.9349
6.9159
6.8965
6.8769
6.8569
6.8365
6.8159
6.7950
6.7737
6.7522
6.7303
6.7082
6.6857
6.6630
6.6400
6.6168
6.5932
6.5694
6.5454
6.5211
6.4965
6.4717
6.4467
6.4214
6.3959
6.3702
6.3443
6.3182
6.2919
6.2653
6.2386
6.2117
6.1847
6.1574
6.1300
6.1025
6.0748
6.0469
6.0189
5.9908
5.9626
5.9342
5.9058
5.8772
5.8486
5.8198
5.7910
5.7621
5.7332
5.7041
5.6751
5.6460
5.6168
5.5876
5.5584
5.5292
5.5000
5.4708
5.4416
5.4124
5.3832
5.3540
5.3249
5.2959
5.2668
5.2379
5.2090
5.1802
5.1514
5.1228
5.0942
5.0658
5.0374
5.0092
4.9811
4.9531
4.9252
4.8975
4.8700
4.8426
4.8153
4.7883
4.7614
4.7347
4.7081
4.6818
4.6557
4.6298
4.6041
4.5786
4.5533
4.5283
4.5035
4.4789
4.4546
4.4306
4.4068
4.3832
4.3600
4.3370
4.3143
4.2918
4.2697
4.2478
4.2263
4.2050
4.1841
4.1635
4.1431
4.1231
4.1035
4.0841
4.0651
4.0464
4.0280
4.0100
3.9923
3.9750
3.9580
3.9414
3.9251
3.9092
3.8936
3.8784
3.8636
3.8491
3.8350
3.8213
3.8079
3.7949
3.7823
3.7700
3.7582
3.7467
3.7355
3.7248
3.7144
3.7045
3.6948
3.6856
3.6768
3.6683
3.6602
3.6525
3.6452
3.6382
3.6317
3.6255
3.6197
3.6142
3.6092
3.6045
3.6002
3.5962
3.5927
3.5894
3.5866
3.5841
3.5820
3.5803
3.5789
3.5779
3.5772
3.5769
3.5769
3.5773
3.5780
3.5791
3.5805
3.5822
3.5843
3.5867
3.5894
3.5925
3.5959
3.5996
3.6036
3.6080
3.6126
3.6176
3.6228
3.6284
3.6342
3.6403
3.6468
3.6535
3.6605
3.6678
3.6753
3.6831
3.6912
3.6995
3.7081
3.7170
3.7261
3.7354
3.7450
3.7549
3.7649
3.7752
3.7857
3.7965
3.8074
3.8186
3.8300
3.8415
3.8533
3.8653
3.8775
3.8898
3.9024
3.9151
3.9280
3.9411
3.9543
3.9677
3.9813
3.9950
4.0089
4.0229
4.0371
4.0514
4.0659
4.0805
4.0952
4.1100
4.1250
4.1401
4.1553
4.1706
4.1860
4.2016
4.2172
4.2330
4.2488
4.2647
4.2807
4.2968
4.3130
4.3293
4.3456
4.3621
4.3786
4.3951
4.4118
4.4284
4.4452
4.4620
4.4789
4.4958
4.5128
4.5298
4.5469
4.5640
4.5812
4.5984
4.6157
4.6329
4.6503
4.6676
4.6850
4.7024
4.7199
4.7373
4.7548
4.7723
4.7899
4.8075
4.8250
4.8426
4.8603
4.8779
4.8956
4.9132
4.9309
4.9486
4.9663
4.9840
5.0018
5.0195
5.0372
5.0550
5.0727
5.0905
5.1083
5.1261
5.1438
5.1616
5.1794
5.1972
5.2150
5.2328
5.2506
5.2684
5.2862
5.3040
5.3218
5.3397
5.3575
5.3753
5.3931
5.4109
5.4287
5.4465
5.4644
5.4822
5.5000
5.5178
5.5356
5.5535
5.5713
5.5891
5.6069
5.6247
5.6425
5.6603
5.6782
5.6960
5.7138
5.7316
5.7494
5.7672
5.7850
5.8028
5.8206
5.8384
5.8562
5.8739
5.8917
5.9095
5.9273
5.9450
5.9628
5.9805
5.9982
6.0160
6.0337
6.0514
6.0691
6.0868
6.1044
6.1221
6.1397
6.1574
6.1750
6.1925
6.2101
6.2277
6.2452
6.2627
6.2801
6.2976
6.3150
6.3324
6.3497
6.3671
6.3843
6.4016
6.4188
6.4360
6.4531
6.4702
6.4872
6.5042
6.5211
6.5380
6.5548
6.5716
6.5882
6.6049
6.6214
6.6379
6.6544
6.6707
6.6870
6.7032
6.7193
6.7353
6.7512
6.7670
6.7828
6.7984
6.8140
6.8294
6.8447
6.8599
6.8750
6.8900
6.9048
6.9195
6.9341
6.9486
6.9629
6.9771
6.9911
7.0050
7.0187
7.0323
7.0457
7.0589
7.0720
7.0849
7.0976
7.1102
7.1225
7.1347
7.1467
7.1585
7.1700
7.1814
7.1926
7.2035
7.2143
7.2248
7.2351
7.2451
7.2550
7.2646
7.2739
7.2830
7.2919
7.3005
7.3088
7.3169
7.3247
7.3322
7.3395
7.3465
7.3532
7.3597
7.3658
7.3716
7.3772
7.3824
7.3874
7.3920
7.3964
7.4004
7.4041
7.4075
7.4106
7.4133
7.4157
7.4178
7.4195
7.4209
7.4220
7.4227
7.4231
7.4231
7.4228
7.4221
7.4211
7.4197
7.4180
7.4159
7.4134
7.4106
7.4073
7.4038
7.3998
7.3955
7.3908
7.3858
7.3803
7.3745
7.3683
7.3618
7.3548
7.3475
7.3398
7.3317
7.3232
7.3144
7.3052
7.2955
7.2856
7.2752
7.2645
7.2533
7.2418
7.2300
7.2177
7.2051
7.1921
7.1787
7.1650
7.1509
7.1364
7.1216
7.1064
7.0908
7.0749
7.0586
7.0420
7.0250
7.0077
6.9900
6.9720
6.9536
6.9349
6.9159
6.8965
6.8769
6.8569
6.8365
6.8159
6.7950
6.7737
6.7522
6.7303
6.7082
6.6857
6.6630
6.6400
6.6168
6.5932
6.5694
6.5454
6.5211
6.4965
6.4717
6.4467
6.4214
6.3959
6.3702
6.3443
6.3182
6.2919
6.2653
6.2386
6.2117
6.1847
6.1574
6.1300
6.1025
6.0748
6.0469
6.0189
5.9908
5.9626
5.9342
5.9058
5.8772
5.8486
5.8198
5.7910
5.7621
5.7332
5.7041
5.6751
5.6460
5.6168
5.5876
5.5584
5.5292
5.5000
5.4708
5.4416
5.4124
5.3832
5.3540
5.3249
5.2959
5.2668
5.2379
5.2090
5.1802
5.1514
5.1228
5.0942
5.0658
5.0374
5.0092
4.9811
4.9531
4.9252
4.8975
4.8700
4.8426
4.8153
4.7883
4.7614
4.7347
4.7081
4.6818
4.6557
4.6298
4.6041
4.5786
4.5533
4.5283
4.5035
4.4789
4.4546
4.4306
4.4068
4.3832
4.3600
4.3370
4.3143
4.2918
4.2697
4.2478
4.2263
4.2050
4.1841
4.1635
4.1431
4.1231
4.1035
4.0841
4.0651
4.0464
4.0280
4.0100
3.9923
3.9750
3.9580
3.9414
3.9251
3.9092
3.8936
3.8784
3.8636
3.8491
3.8350
3.8213
3.8079
3.7949
3.7823
3.7700
3.7582
3.7467
3.7355
3.7248
3.7144
3.7045
3.6948
3.6856
3.6768
3.6683
3.6602
3.6525
3.6452
3.6382
3.6317
3.6255
3.6197
3.6142
3.6092
3.6045
3.6002
3.5962
3.5927
3.5894
3.5866
3.5841
3.5820
3.5803
3.5789
3.5779
3.5772
3.5769
3.5769
3.5773
3.5780
3.5791
3.5805
3.5822
3.5843
3.5867
3.5894
3.5925
3.5959
3.5996
3.6036
3.6080
3.6126
3.6176
3.6228
3.6284
3.6342
3.6403
3.6468
3.6535
3.6605
3.6678
3.6753
3.6831
3.6912
3.6995
3.7081
3.7170
3.7261
3.7354
3.7450
3.7549
3.7649
3.7752
3.7857
3.7965
3.8074
3.8186
3.8300
3.8415
3.8533
3.8653
3.8775
3.8898
3.9024
3.9151
3.9280
3.9411
3.9543
3.9677
3.9813
3.9950
4.0089
4.0229
4.0371
4.0514
4.0659
4.0805
4.0952
4.1100
4.1250
4.1401
4.1553
4.1706
4.1860
4.2016
4.2172
4.2330
4.2488
4.2647
4.2807
4.2968
4.3130
4.3293
4.3456
4.3621
4.3786
4.3951
4.4118
4.4284
4.4452
4.4620
4.4789
4.4958
4.5128
4.5298
4.5469
4.5640
4.5812
4.5984
4.6157
4.6329
4.6503
4.6676
4.6850
4.7024
4.7199
4.7373
4.7548
4.7723
4.7899
4.8075
4.8250
4.8426
4.8603
4.8779
4.8956
4.9132
4.9309
4.9486
4.9663
4.9840
5.0018
5.0195
5.0372
5.0550
5.0727
5.0905
5.1083
5.1261
5.1438
5.1616
5.1794
5.1972
5.2150
5.2328
5.2506
5.2684
5.2862
5.3040
5.3218
5.3397
5.3575
5.3753
5.3931
5.4109
5.4287
5.4465
5.4644
5.4822
5.5000
5.5178
5.5356
5.5535
5.5713
5.5891
5.6069
5.6247
5.6425
5.6603
5.6782
5.6960
5.7138
5.7316
5.7494
5.7672
5.7850
5.8028
5.8206
5.8384
5.8562
5.8739
5.8917
5.9095
5.9273
5.9450
5.9628
5.9805
5.9982
6.0160
6.0337
6.0514
6.0691
6.0868
6.1044
6.1221
6.1397
6.1574
6.1750
6.1925
6.2101
6.2277
6.2452
6.2627
6.2801
6.2976
6.3150
6.3324
6.3497
6.3671
6.3843
6.4016
6.4188
6.4360
6.4531
6.4702
6.4872
6.5042
6.5211
6.5380
6.5548
6.5716
6.5882
6.6049
6.6214
6.6379
6.6544
6.6707
6.6870
6.7032
6.7193
6.7353
6.7512
6.7670
6.7828
6.7984
6.8140
6.8294
6.8447
6.8599
6.8750
6.8900
6.9048
6.9195
6.9341
6.9486
6.9629
6.9771
6.9911
7.0050
7.0187
7.0323
7.0457
7.0589
7.0720
7.0849
7.0976
7.1102
7.1225
7.1347
7.1467
7.1585
7.1700
7.1814
7.1926
7.2035
7.2143
7.2248
7.2351
7.2451
7.2550
7.2646
7.2739
7.2830
7.2919
7.3005
7.3088
7.3169
7.3247
7.3322
7.3395
7.3465
7.3532
7.3597
7.3658
7.3716
7.3772
7.3824
7.3874
7.3920
7.3964
7.4004
7.4041
7.4075
7.4106
7.4133
7.4157
7.4178
7.4195
7.4209
7.4220
7.4227
7.4231
7.4231
7.4228
7.4221
7.4211
7.4197
7.4180
7.4159
7.4134
7.4106
7.4073
7.4038
7.3998
7.3955
7.3908
7.3858
7.3803
7.3745
7.3683
7.3618
7.3548
7.3475
7.3398
7.3317
7.3232
7.3144
7.3052
7.2955
7.2856
7.2752
7.2645
7.2533
7.2418
7.2300
7.2177
7.2051
7.1921
7.1787
7.1650
7.1509
7.1364
7.1216
7.1064
7.0908
7.0749
7.0586
7.0420
7.0250
7.0077
6.9900
6.9720
6.9536
6.9349
6.9159
6.8965
6.8769
6.8569
6.8365
6.8159
6.7950
6.7737
6.7522
6.7303
6.7082
6.6857
6.6630
6.6400
6.6168
6.5932
6.5694
6.5454
6.5211
6.4965
6.4717
6.4467
6.4214
6.3959
6.3702
6.3443
6.3182
6.2919
6.2653
6.2386
6.2117
6.1847
6.1574
6.1300
6.1025
6.0748
6.0469
6.0189
5.9908
5.9626
5.9342
5.9058
5.8772
5.8486
5.8198
5.7910
5.7621
5.7332
5.7041
5.6751
5.6460
5.6168
5.5876
5.5584
5.5292
5.5000
5.4708
5.4416
5.4124
5.3832
5.3540
5.3249
5.2959
5.2668
5.2379
5.2090
5.1802
5.1514
5.1228
5.0942
5.0658
5.0374
5.0092
4.9811
4.9531
4.9252
4.8975
4.8700
4.8426
4.8153
4.7883
4.7614
4.7347
4.7081
4.6818
4.6557
4.6298
4.6041
4.5786
4.5533
4.5283
4.5035
4.4789
4.4546
4.4306
4.4068
4.3832
4.3600
4.3370
4.3143
4.2918
4.2697
4.2478
4.2263
4.2050
4.1841
4.1635
4.1431
4.1231
4.1035
4.0841
4.0651
4.0464
4.0280
4.0100
3.9923
3.9750
3.9580
3.9414
3.9251
3.9092
3.8936
3.8784
3.8636
3.8491
3.8350
3.8213
3.8079
3.7949
3.7823
3.7700
3.7582
3.7467
3.7355
3.7248
3.7144
3.7045
3.6948
3.6856
3.6768
3.6683
3.6602
3.6525
3.6452
3.6382
3.6317
3.6255
3.6197
3.6142
3.6092
3.6045
3.6002
3.5962
3.5927
3.5894
3.5866
3.5841
3.5820
3.5803
3.5789
3.5779
3.5772
3.5769
3.5769
3.5773
3.5780
3.5791
3.5805
3.5822
3.5843
3.5867
3.5894
3.5925
3.5959
3.5996
3.6036
3.6080
3.6126
3.6176
3.6228
3.6284
3.6342
3.6403
3.6468
3.6535
3.6605
3.6678
3.6753
3.6831
3.6912
3.6995
3.7081
3.7170
3.7261
3.7354
3.7450
3.7549
3.7649
3.7752
3.7857
3.7965
3.8074
3.8186
3.8300
3.8415
3.8533
3.8653
3.8775
3.8898
3.9024
3.9151
3.9280
3.9411
3.9543
3.9677
3.9813
3.9950
4.0089
4.0229
4.0371
4.0514
4.0659
4.0805
4.0952
4.1100
4.1250
4.1401
4.1553
4.1706
4.1860
4.2016
4.2172
4.2330
4.2488
4.2647
4.2807
4.2968
4.3130
4.3293
4.3456
4.3621
4.3786
4.3951
4.4118
4.4284
4.4452
4.4620
4.4789
4.4958
4.5128
4.5298
4.5469
4.5640
4.5812
4.5984
4.6157
4.6329
4.6503
4.6676
4.6850
4.7024
4.7199
4.7373
4.7548
4.7723
4.7899
4.8075
4.8250
4.8426
4.8603
4.8779
4.8956
4.9132
4.9309
4.9486
4.9663
4.9840
5.0018
5.0195
5.0372
5.0550
5.0727
5.0905
5.1083
5.1261
5.1438
5.1616
5.1794
5.1972
5.2150
5.2328
5.2506
5.2684
5.2862
5.3040
5.3218
5.3397
5.3575
5.3753
5.3931
5.4109
5.4287
5.4465
5.4644
5.4822
5.5000
5.5178
5.5356
5.5535
5.5713
5.5891
5.6069
5.6247
5.6425
5.6603
5.6782
5.6960
5.7138
5.7316
5.7494
5.7672
5.7850
5.8028
5.8206
5.8384
5.8562
5.8739
5.8917
5.9095
5.9273
5.9450
5.9628
5.9805
5.9982
6.0160
6.0337
6.0514
6.0691
6.0868
6.1044
6.1221
6.1397
6.1574
6.1750
6.1925
6.2101
6.2277
6.2452
6.2627
6.2801
6.2976
6.3150
6.3324
6.3497
6.3671
6.3843
6.4016
6.4188
6.4360
6.4531
6.4702
6.4872
6.5042
6.5211
6.5380
6.5548
6.5716
6.5882
6.6049
6.6214
6.6379
6.6544
6.6707
6.6870
6.7032
6.7193
6.7353
6.7512
6.7670
6.7828
6.7984
6.8140
6.8294
6.8447
6.8599
6.8750
6.8900
6.9048
6.9195
6.9341
6.9486
6.9629
6.9771
6.9911
7.0050
7.0187
7.0323
7.0457
7.0589
7.0720
7.0849
7.0976
7.1102
7.1225
7.1347
7.1467
7.1585
7.1700
7.1814
7.1926
7.2035
7.2143
7.2248
7.2351
7.2451
7.2550
7.2646
7.2739
7.2830
7.2919
7.3005
7.3088
7.3169
7.3247
7.3322
7.3395
7.3465
7.3532
7.3597
7.3658
7.3716
7.3772
7.3824
7.3874
7.3920
7.3964
7.4004
7.4041
7.4075
7.4106
7.4133
7.4157
7.4178
7.4195
7.4209
7.4220
7.4227
7.4231
7.4231
7.4228
7.4221
7.4211
7.4197
7.4180
7.4159
7.4134
7.4106
7.4073
7.4038
7.3998
7.3955
7.3908
7.3858
7.3803
7.3745
7.3683
7.3618
7.3548
7.3475
7.3398
7.3317
7.3232
7.3144
7.3052
7.2955
7.2856
7.2752
7.2645
7.2533
7.2418
7.2300
7.2177
7.2051
7.1921
7.1787
7.1650
7.1509
7.1364
7.1216
7.1064
7.0908
7.0749
7.0586
7.0420
7.0250
7.0077
6.9900
6.9720
6.9536
6.9349
6.9159
6.8965
6.8769
6.8569
6.8365
6.8159
6.7950
6.7737
6.7522
6.7303
6.7082
6.6857
6.6630
6.6400
6.6168
6.5932
6.5694
6.5454
6.5211
6.4965
6.4717
6.4467
6.4214
6.3959
6.3702
6.3443
6.3182
6.2919
6.2653
6.2386
6.2117
6.1847
6.1574
6.1300
6.1025
6.0748
6.0469
6.0189
5.9908
5.9626
5.9342
5.9058
5.8772
5.8486
5.8198
5.7910
5.7621
5.7332
5.7041
5.6751
5.6460
5.6168
5.5876
5.5584
5.5292
5.5000
5.4708
5.4416
5.4124
5.3832
5.3540
5.3249
5.2959
5.2668
5.2379
5.2090
5.1802
5.1514
5.1228
5.0942
5.0658
5.0374
5.0092
4.9811
4.9531
4.9252
4.8975
4.8700
4.8426
4.8153
4.7883
4.7614
4.7347
4.7081
4.6818
4.6557
4.6298
4.6041
4.5786
4.5533
4.5283
4.5035
4.4789
4.4546
4.4306
4.4068
4.3832
4.3600
4.3370
4.3143
4.2918
4.2697
4.2478
4.2263
4.2050
4.1841
4.1635
4.1431
4.1231
4.1035
4.0841
4.0651
4.0464
4.0280
4.0100
3.9923
3.9750
3.9580
3.9414
3.9251
3.9092
3.8936
3.8784
3.8636
3.8491
3.8350
3.8213
3.8079
3.7949
3.7823
3.7700
3.7582
3.7467
3.7355
3.7248
3.7144
3.7045
3.6948
3.6856
3.6768
3.6683
3.6602
3.6525
3.6452
3.6382
3.6317
3.6255
3.6197
3.6142
3.6092
3.6045
3.6002
3.5962
3.5927
3.5894
3.5866
3.5841
3.5820
3.5803
3.5789
3.5779
3.5772
3.5769
3.5769
3.5773
3.5780
3.5791
3.5805
3.5822
3.5843
3.5867
3.5894
3.5925
3.5959
3.5996
3.6036
3.6080
3.6126
3.6176
3.6228
3.6284
3.6342
3.6403
3.6468
3.6535
3.6605
3.6678
3.6753
3.6831
3.6912
3.6995
3.7081
3.7170
3.7261
3.7354
3.7450
3.7549
3.7649
3.7752
3.7857
3.7965
3.8074
3.8186
3.8300
3.8415
3.8533
3.8653
3.8775
3.8898
3.9024
3.9151
3.9280
3.9411
3.9543
3.9677
3.9813
3.9950
4.0089
4.0229
4.0371
4.0514
4.0659
4.0805
4.0952
4.1100
4.1250
4.1401
4.1553
4.1706
4.1860
4.2016
4.2172
4.2330
4.2488
4.2647
4.2807
4.2968
4.3130
4.3293
4.3456
4.3621
4.3786
4.3951
4.4118
4.4284
4.4452
4.4620
4.4789
4.4958
4.5128
4.5298
4.5469
4.5640
4.5812
4.5984
4.6157
4.6329
4.6503
4.6676
4.6850
4.7024
4.7199
4.7373
4.7548
4.7723
4.7899
4.8075
4.8250
4.8426
4.8603
4.8779
4.8956
4.9132
4.9309
4.9486
4.9663
4.9840
5.0018
5.0195
5.0372
5.0550
5.0727
5.0905
5.1083
5.1261
5.1438
5.1616
5.1794
5.1972
5.2150
5.2328
5.2506
5.2684
5.2862
5.3040
5.3218
5.3397
5.3575
5.3753
5.3931
5.4109
5.4287
5.4465
5.4644
5.4822
5.5000
5.5178
5.5356
5.5535
5.5713
5.5891
5.6069
5.6247
5.6425
5.6603
5.6782
5.6960
5.7138
5.7316
5.7494
5.7672
5.7850
5.8028
5.8206
5.8384
5.8562
5.8739
5.8917
5.9095
5.9273
5.9450
5.9628
5.9805
5.9982
6.0160
6.0337
6.0514
6.0691
6.0868
6.1044
6.1221
6.1397
6.1574
6.1750
6.1925
6.2101
6.2277
6.2452
6.2627
6.2801
6.2976
6.3150
6.3324
6.3497
6.3671
6.3843
6.4016
6.4188
6.4360
6.4531
6.4702
6.4872
6.5042
6.5211
6.5380
6.5548
6.5716
6.5882
6.6049
6.6214
6.6379
6.6544
6.6707
6.6870
6.7032
6.7193
6.7353
6.7512
6.7670
6.7828
6.7984
6.8140
6.8294
6.8447
6.8599
6.8750
6.8900
6.9048
6.9195
6.9341
6.9486
6.9629
6.9771
6.9911
7.0050
7.0187
7.0323
7.0457
7.0589
7.0720
7.0849
7.0976
7.1102
7.1225
7.1347
7.1467
7.1585
7.1700
7.1814
7.1926
7.2035
7.2143
7.2248
7.2351
7.2451
7.2550
7.2646
7.2739
7.2830
7.2919
7.3005
7.3088
7.3169
7.3247
7.3322
7.3395
7.3465
7.3532
7.3597
7.3658
7.3716
7.3772
7.3824
7.3874
7.3920
7.3964
7.4004
7.4041
7.4075
7.4106
7.4133
7.4157
7.4178
7.4195
7.4209
7.4220
7.4227
7.4231
7.4231
7.4228
7.4221
7.4211
7.4197
7.4180
7.4159
7.4134
7.4106
7.4073
7.4038
7.3998
7.3955
7.3908
7.3858
7.3803
7.3745
7.3683
7.3618
7.3548
7.3475
7.3398
7.3317
7.3232
7.3144
7.3052
7.2955
7.2856
7.2752
7.2645
7.2533
7.2418
7.2300
7.2177
7.2051
7.1921
7.1787
7.1650
7.1509
7.1364
7.1216
7.1064
7.0908
7.0749
7.0586
7.0420
7.0250
7.0077
6.9900
6.9720
6.9536
6.9349
6.9159
6.8965
6.8769
6.8569
6.8365
6.8159
6.7950
6.7737
6.7522
6.7303
6.7082
6.6857
6.6630
6.6400
6.6168
6.5932
6.5694
6.5454
6.5211
6.4965
6.4717
6.4467
6.4214
6.3959
6.3702
6.3443
6.3182
6.2919
6.2653
6.2386
6.2117
6.1847
6.1574
6.1300
6.1025
6.0748
6.0469
6.0189
5.9908
5.9626
5.9342
5.9058
5.8772
5.8486
5.8198
5.7910
5.7621
5.7332
5.7041
5.6751
5.6460
5.6168
5.5876
5.5584
5.5292
5.5000
5.4708
5.4416
5.4124
5.3832
5.3540
5.3249
5.2959
5.2668
5.2379
5.2090
5.1802
5.1514
5.1228
5.0942
5.0658
5.0374
5.0092
4.9811
4.9531
4.9252
4.8975
4.8700
4.8426
4.8153
4.7883
4.7614
4.7347
4.7081
4.6818
4.6557
4.6298
4.6041
4.5786
4.5533
4.5283
4.5035
4.4789
4.4546
4.4306
4.4068
4.3832
4.3600
4.3370
4.3143
4.2918
4.2697
4.2478
4.2263
4.2050
4.1841
4.1635
4.1431
4.1231
4.1035
4.0841
4.0651
4.0464
4.0280
4.0100
3.9923
3.9750
3.9580
3.9414
3.9251
3.9092
3.8936
3.8784
3.8636
3.8491
3.8350
3.8213
3.8079
3.7949
3.7823
3.7700
3.7582
3.7467
3.7355
3.7248
3.7144
3.7045
3.6948
3.6856
3.6768
3.6683
3.6602
3.6525
3.6452
3.6382
3.6317
3.6255
3.6197
3.6142
3.6092
3.6045
3.6002
3.5962
3.5927
3.5894
3.5866
3.5841
3.5820
3.5803
3.5789
3.5779
3.5772
3.5769
3.5769
3.5773
3.5780
3.5791
3.5805
3.5822
3.5843
3.5867
3.5894
3.5925
3.5959
3.5996
3.6036
3.6080
3.6126
3.6176
3.6228
3.6284
3.6342
3.6403
3.6468
3.6535
3.6605
3.6678
3.6753
3.6831
3.6912
3.6995
3.7081
3.7170
3.7261
3.7354
3.7450
3.7549
3.7649
3.7752
3.7857
3.7965
3.8074
3.8186
3.8300
3.8415
3.8533
3.8653
3.8775
3.8898
3.9024
3.9151
3.9280
3.9411
3.9543
3.9677
3.9813
3.9950
4.0089
4.0229
4.0371
4.0514
4.0659
4.0805
4.0952
4.1100
4.1250
4.1401
4.1553
4.1706
4.1860
4.2016
4.2172
4.2330
4.2488
4.2647
4.2807
4.2968
4.3130
4.3293
4.3456
4.3621
4.3786
4.3951
4.4118
4.4284
4.4452
4.4620
4.4789
4.4958
4.5128
4.5298
4.5469
4.5640
4.5812
4.5984
4.6157
4.6329
4.6503
4.6676
4.6850
4.7024
4.7199
4.7373
4.7548
4.7723
4.7899
4.8075
4.8250
4.8426
4.8603
4.8779
4.8956
4.9132
4.9309
4.9486
4.9663
4.9840
5.0018
5.0195
5.0372
5.0550
5.0727
5.0905
5.1083
5.1261
5.1438
5.1616
5.1794
5.1972
5.2150
5.2328
5.2506
5.2684
5.2862
5.3040
5.3218
5.3397
5.3575
5.3753
5.3931
5.4109
5.4287
5.4465
5.4644
5.4822
5.5000
5.5178
5.5356
5.5535
5.5713
5.5891
5.6069
5.6247
5.6425
5.6603
5.6782
5.6960
5.7138
5.7316
5.7494
5.7672
5.7850
5.8028
5.8206
5.8384
5.8562
5.8739
5.8917
5.9095
5.9273
5.9450
5.9628
5.9805
5.9982
6.0160
6.0337
6.0514
6.0691
6.0868
6.1044
6.1221
6.1397
6.1574
6.1750
6.1925
6.2101
6.2277
6.2452
6.2627
6.2801
6.2976
6.3150
6.3324
6.3497
6.3671
6.3843
6.4016
6.4188
6.4360
6.4531
6.4702
6.4872
6.5042
6.5211
6.5380
6.5548
6.5716
6.5882
6.6049
6.6214
6.6379
6.6544
6.6707
6.6870
6.7032
6.7193
6.7353
6.7512
6.7670
6.7828
6.7984
6.8140
6.8294
6.8447
6.8599
6.8750
6.8900
6.9048
6.9195
6.9341
6.9486
6.9629
6.9771
6.9911
7.0050
7.0187
7.0323
7.0457
7.0589
7.0720
7.0849
7.0976
7.1102
7.1225
7.1347
7.1467
7.1585
7.1700
7.1814
7.1926
7.2035
7.2143
7.2248
7.2351
7.2451
7.2550
7.2646
7.2739
7.2830
7.2919
7.3005
7.3088
7.3169
7.3247
7.3322
7.3395
7.3465
7.3532
7.3597
7.3658
7.3716
7.3772
7.3824
7.3874
7.3920
7.3964
7.4004
7.4041
7.4075
7.4106
7.4133
7.4157
7.4178
7.4195
7.4209
7.4220
7.4227
7.4231
7.4231
7.4228
7.4221
7.4211
7.4197
7.4180
7.4159
7.4134
7.4106
7.4073
7.4038
7.3998
7.3955
7.3908
7.3858
7.3803
7.3745
7.3683
7.3618
7.3548
7.3475
7.3398
7.3317
7.3232
7.3144
7.3052
7.2955
7.2856
7.2752
7.2645
7.2533
7.2418
7.2300
7.2177
7.2051
7.1921
7.1787
7.1650
7.1509
7.1364
7.1216
7.1064
7.0908
7.0749
7.0586
7.0420
7.0250
7.0077
6.9900
6.9720
6.9536
6.9349
6.9159
6.8965
6.8769
6.8569
6.8365
6.8159
6.7950
6.7737
6.7522
6.7303
6.7082
6.6857
6.6630
6.6400
6.6168
6.5932
6.5694
6.5454
6.5211
6.4965
6.4717
6.4467
6.4214
6.3959
6.3702
6.3443
6.3182
6.2919
6.2653
6.2386
6.2117
6.1847
6.1574
6.1300
6.1025
6.0748
6.0469
6.0189
5.9908
5.9626
5.9342
5.9058
5.8772
5.8486
5.8198
5.7910
5.7621
5.7332
5.7041
5.6751
5.6460
5.6168
5.5876
5.5584
5.5292
5.5000
5.4708
5.4416
5.4124
5.3832
5.3540
5.3249
5.2959
5.2668
5.2379
5.2090
5.1802
5.1514
5.1228
5.0942
5.0658
5.0374
5.0092
4.9811
4.9531
4.9252
4.8975
4.8700
4.8426
4.8153
4.7883
4.7614
4.7347
4.7081
4.6818
4.6557
4.6298
4.6041
4.5786
4.5533
4.5283
4.5035
4.4789
4.4546
4.4306
4.4068
4.3832
4.3600
4.3370
4.3143
4.2918
4.2697
4.2478
4.2263
4.2050
4.1841
4.1635
4.1431
4.1231
4.1035
4.0841
4.0651
4.0464
4.0280
4.0100
3.9923
3.9750
3.9580
3.9414
3.9251
3.9092
3.8936
3.8784
3.8636
3.8491
3.8350
3.8213
3.8079
3.7949
3.7823
3.7700
3.7582
3.7467
3.7355
3.7248
3.7144
3.7045
3.6948
3.6856
3.6768
3.6683
3.6602
3.6525
3.6452
3.6382
3.6317
3.6255
3.6197
3.6142
3.6092
3.6045
3.6002
3.5962
3.5927
3.5894
3.5866
3.5841
3.5820
3.5803
3.5789
3.5779
3.5772
3.5769
3.5769
3.5773
3.5780
3.5791
3.5805
3.5822
3.5843
3.5867
3.5894
3.5925
3.5959
3.5996
3.6036
3.6080
3.6126
3.6176
3.6228
3.6284
3.6342
3.6403
3.6468
3.6535
3.6605
3.6678
3.6753
3.6831
3.6912
3.6995
3.7081
3.7170
3.7261
3.7354
3.7450
3.7549
3.7649
3.7752
3.7857
3.7965
3.8074
3.8186
3.8300
3.8415
3.8533
3.8653
3.8775
3.8898
3.9024
3.9151
3.9280
3.9411
3.9543
3.9677
3.9813
3.9950
4.0089
4.0229
4.0371
4.0514
4.0659
4.0805
4.0952
4.1100
4.1250
4.1401
4.1553
4.1706
4.1860
4.2016
4.2172
4.2330
4.2488
4.2647
4.2807
4.2968
4.3130
4.3293
4.3456
4.3621
4.3786
4.3951
4.4118
4.4284
4.4452
4.4620
4.4789
4.4958
4.5128
4.5298
4.5469
4.5640
4.5812
4.5984
4.6157
4.6329
4.6503
4.6676
4.6850
4.7024
4.7199
4.7373
4.7548
4.7723
4.7899
4.8075
4.8250
4.8426
4.8603
4.8779
4.8956
4.9132
4.9309
4.9486
4.9663
4.9840
5.0018
5.0195
5.0372
5.0550
5.0727
5.0905
5.1083
5.1261
5.1438
5.1616
5.1794
5.1972
5.2150
5.2328
5.2506
5.2684
5.2862
5.3040
5.3218
5.3397
5.3575
5.3753
5.3931
5.4109
5.4287
5.4465
5.4644
5.4822
5.5000
5.5178
5.5356
5.5535
5.5713
5.5891
5.6069
5.6247
5.6425
5.6603
5.6782
5.6960
5.7138
5.7316
5.7494
5.7672
5.7850
5.8028
5.8206
5.8384
5.8562
5.8739
5.8917
5.9095
5.9273
5.9450
5.9628
5.9805
5.9982
6.0160
6.0337
6.0514
6.0691
6.0868
6.1044
6.1221
6.1397
6.1574
6.1750
6.1925
6.2101
6.2277
6.2452
6.2627
6.2801
6.2976
6.3150
6.3324
6.3497
6.3671
6.3843
6.4016
6.4188
6.4360
6.4531
6.4702
6.4872
6.5042
6.5211
6.5380
6.5548
6.5716
6.5882
6.6049
6.6214
6.6379
6.6544
6.6707
6.6870
6.7032
6.7193
6.7353
6.7512
6.7670
6.7828
6.7984
6.8140
6.8294
6.8447
6.8599
6.8750
6.8900
6.9048
6.9195
6.9341
6.9486
6.9629
6.9771
6.9911
7.0050
7.0187
7.0323
7.0457
7.0589
7.0720
7.0849
7.0976
7.1102
7.1225
7.1347
7.1467
7.1585
7.1700
7.1814
7.1926
7.2035
7.2143
7.2248
7.2351
7.2451
7.2550
7.2646
7.2739
7.2830
7.2919
7.3005
7.3088
7.3169
7.3247
7.3322
7.3395
7.3465
7.3532
7.3597
7.3658
7.3716
7.3772
7.3824
7.3874
7.3920
7.3964
7.4004
7.4041
7.4075
7.4106
7.4133
7.4157
7.4178
7.4195
7.4209
7.4220
7.4227
7.4231
7.4231
7.4228
7.4221
7.4211
7.4197
7.4180
7.4159
7.4134
7.4106
7.4073
7.4038
7.3998
7.3955
7.3908
7.3858
7.3803
7.3745
7.3683
7.3618
7.3548
7.3475
7.3398
7.3317
7.3232
7.3144
7.3052
7.2955
7.2856
7.2752
7.2645
7.2533
7.2418
7.2300
7.2177
7.2051
7.1921
7.1787
7.1650
7.1509
7.1364
7.1216
7.1064
7.0908
7.0749
7.0586
7.0420
7.0250
7.0077
6.9900
6.9720
6.9536
6.9349
6.9159
6.8965
6.8769
6.8569
6.8365
6.8159
6.7950
6.7737
6.7522
6.7303
6.7082
6.6857
6.6630
6.6400
6.6168
6.5932
6.5694
6.5454
6.5211
6.4965
6.4717
6.4467
6.4214
6.3959
6.3702
6.3443
6.3182
6.2919
6.2653
6.2386
6.2117
6.1847
6.1574
6.1300
6.1025
6.0748
6.0469
6.0189
5.9908
5.9626
5.9342
5.9058
5.8772
5.8486
5.8198
5.7910
5.7621
5.7332
5.7041
5.6751
5.6460
5.6168
5.5876
5.5584
5.5292
5.5000
5.4708
5.4416
5.4124
5.3832
5.3540
5.3249
5.2959
5.2668
5.2379
5.2090
5.1802
5.1514
5.1228
5.0942
5.0658
5.0374
5.0092
4.9811
4.9531
4.9252
4.8975
4.8700
4.8426
4.8153
4.7883
4.7614
4.7347
4.7081
4.6818
4.6557
4.6298
4.6041
4.5786
4.5533
4.5283
4.5035
4.4789
4.4546
4.4306
4.4068
4.3832
4.3600
4.3370
4.3143
4.2918
4.2697
4.2478
4.2263
4.2050
4.1841
4.1635
4.1431
4.1231
4.1035
4.0841
4.0651
4.0464
4.0280
4.0100
3.9923
3.9750
3.9580
3.9414
3.9251
3.9092
3.8936
3.8784
3.8636
3.8491
3.8350
3.8213
3.8079
3.7949
3.7823
3.7700
3.7582
3.7467
3.7355
3.7248
3.7144
3.7045
3.6948
3.6856
3.6768
3.6683
3.6602
3.6525
3.6452
3.6382
3.6317
3.6255
3.6197
3.6142
3.6092
3.6045
3.6002
3.5962
3.5927
3.5894
3.5866
3.5841
3.5820
3.5803
3.5789
3.5779
3.5772
3.5769
3.5769
3.5773
3.5780
3.5791
3.5805
3.5822
3.5843
3.5867
3.5894
3.5925
3.5959
3.5996
3.6036
3.6080
3.6126
3.6176
3.6228
3.6284
3.6342
3.6403
3.6468
3.6535
3.6605
3.6678
3.6753
3.6831
3.6912
3.6995
3.7081
3.7170
3.7261
3.7354
3.7450
3.7549
3.7649
3.7752
3.7857
3.7965
3.8074
3.8186
3.8300
3.8415
3.8533
3.8653
3.8775
3.8898
3.9024
3.9151
3.9280
3.9411
3.9543
3.9677
3.9813
3.9950
4.0089
4.0229
4.0371
4.0514
4.0659
4.0805
4.0952
4.1100
4.1250
4.1401
4.1553
4.1706
4.1860
4.2016
4.2172
4.2330
4.2488
4.2647
4.2807
4.2968
4.3130
4.3293
4.3456
4.3621
4.3786
4.3951
4.4118
4.4284
4.4452
4.4620
4.4789
4.4958
4.5128
4.5298
4.5469
4.5640
4.5812
4.5984
4.6157
4.6329
4.6503
4.6676
4.6850
4.7024
4.7199
4.7373
4.7548
4.7723
4.7899
4.8075
4.8250
4.8426
4.8603
4.8779
4.8956
4.9132
4.9309
4.9486
4.9663
4.9840
5.0018
5.0195
5.0372
5.0550
5.0727
5.0905
5.1083
5.1261
5.1438
5.1616
5.1794
5.1972
5.2150
5.2328
5.2506
5.2684
5.2862
5.3040
5.3218
5.3397
5.3575
5.3753
5.3931
5.4109
5.4287
5.4465
5.4644
5.4822
5.5000
5.5178
5.5356
5.5535
5.5713
5.5891
5.6069
5.6247
5.6425
5.6603
5.6782
5.6960
5.7138
5.7316
5.7494
5.7672
5.7850
5.8028
5.8206
5.8384
5.8562
5.8739
5.8917
5.9095
5.9273
5.9450
5.9628
5.9805
5.9982
6.0160
6.0337
6.0514
6.0691
6.0868
6.1044
6.1221
6.1397
6.1574
6.1750
6.1925
6.2101
6.2277
6.2452
6.2627
6.2801
6.2976
6.3150
6.3324
6.3497
6.3671
6.3843
6.4016
6.4188
6.4360
6.4531
6.4702
6.4872
6.5042
6.5211
6.5380
6.5548
6.5716
6.5882
6.6049
6.6214
6.6379
6.6544
6.6707
6.6870
6.7032
6.7193
6.7353
6.7512
6.7670
6.7828
6.7984
6.8140
6.8294
6.8447
6.8599
6.8750
6.8900
6.9048
6.9195
6.9341
6.9486
6.9629
6.9771
6.9911
7.0050
7.0187
7.0323
7.0457
7.0589
7.0720
7.0849
7.0976
7.1102
7.1225
7.1347
7.1467
7.1585
7.1700
7.1814
7.1926
7.2035
7.2143
7.2248
7.2351
7.2451
7.2550
7.2646
7.2739
7.2830
7.2919
7.3005
7.3088
7.3169
7.3247
7.3322
7.3395
7.3465
7.3532
7.3597
7.3658
7.3715
7.3770
7.3823
7.3872
7.3919
7.3962
7.4002
7.4039
7.4073
7.4104
7.4131
7.4155
7.4176
7.4193
7.4207
7.4218
7.4225
7.4229
7.4229
7.4226
7.4219
7.4209
7.4195
7.4178
7.4156
7.4132
7.4103
7.4071
7.4035
7.3996
7.3953
7.3906
7.3855
7.3801
7.3743
7.3681
7.3615
7.3546
7.3472
7.3395
7.3314
7.3230
7.3141
7.3049
7.2953
7.2853
7.2749
7.2642
7.2531
7.2416
7.2297
7.2175
7.2048
7.1918
7.1785
7.1647
7.1506
7.1361
7.1213
7.1061
7.0905
7.0746
7.0583
7.0417
7.0247
7.0074
6.9897
6.9717
6.9533
6.9347
6.9156
6.8963
6.8766
6.8566
6.8363
6.8156
6.7947
6.7735
6.7519
6.7301
6.7079
6.6855
6.6628
6.6398
6.6165
6.5930
6.5692
6.5452
6.5208
6.4963
6.4715
6.4465
6.4212
6.3957
6.3700
6.3441
6.3180
6.2917
6.2651
6.2384
6.2115
6.1845
6.1573
6.1299
6.1023
6.0746
6.0468
6.0188
5.9907
5.9625
5.9341
5.9057
5.8771
5.8485
5.8197
5.7909
5.7620
5.7331
5.7041
5.6750
5.6459
5.6168
5.5876
5.5584
5.5292
5.5000
5.4708
5.4416
5.4124
5.3832
5.3541
5.3250
5.2959
5.2669
5.2380
5.2091
5.1803
5.1516
5.1229
5.0944
5.0659
5.0376
5.0094
4.9813
4.9533
4.9255
4.8978
4.8702
4.8428
4.8156
4.7886
4.7617
4.7350
4.7085
4.6822
4.6561
4.6302
4.6045
4.5790
4.5537
4.5287
4.5039
4.4794
4.4551
4.4311
4.4073
4.3838
4.3605
4.3375
4.3149
4.2924
4.2703
4.2485
4.2269
4.2057
4.1848
4.1642
4.1439
4.1239
4.1042
4.0849
4.0659
4.0472
4.0289
4.0109
3.9932
3.9759
3.9589
3.9423
3.9261
3.9102
3.8946
3.8794
3.8646
3.8502
3.8361
3.8224
3.8090
3.7960
3.7834
3.7712
3.7593
3.7479
3.7368
3.7260
3.7157
3.7057
3.6961
3.6869
3.6781
3.6697
3.6616
3.6539
3.6466
3.6397
3.6331
3.6270
3.6212
3.6157
3.6107
3.6060
3.6017
3.5978
3.5943
3.5911
3.5883
3.5858
3.5837
3.5820
3.5806
3.5796
3.5789
3.5786
3.5787
3.5791
3.5798
3.5809
3.5823
3.5841
3.5862
3.5886
3.5914
3.5944
3.5978
3.6016
3.6056
3.6100
3.6146
3.6196
3.6249
3.6304
3.6363
3.6424
3.6489
3.6556
3.6626
3.6699
3.6775
3.6853
3.6934
3.7017
3.7103
3.7192
3.7283
3.7377
3.7473
3.7571
3.7672
3.7775
3.7880
3.7988
3.8097
3.8209
3.8323
3.8439
3.8557
3.8676
3.8798
3.8922
3.9047
3.9175
3.9304
3.9435
3.9567
3.9701
3.9837
3.9974
4.0113
4.0253
4.0395
4.0538
4.0683
4.0829
4.0976
4.1124
4.1274
4.1425
4.1577
4.1730
4.1884
4.2039
4.2196
4.2353
4.2511
4.2671
4.2831
4.2992
4.3153
4.3316
4.3479
4.3644
4.3808
4.3974
4.4140
4.4307
4.4474
4.4642
4.4811
4.4980
4.5150
4.5320
4.5490
4.5662
4.5833
4.6005
4.6177
4.6350
4.6523
4.6696
4.6870
4.7044
4.7218
4.7392
4.7567
4.7742
4.7917
4.8093
4.8268
4.8444
4.8620
4.8796
4.8972
4.9149
4.9325
4.9502
4.9678
4.9855
5.0032
5.0209
5.0386
5.0563
5.0740
5.0918
5.1095
5.1272
5.1450
5.1627
5.1804
5.1982
5.2159
5.2337
5.2514
5.2692
5.2870
5.3047
5.3225
5.3402
5.3580
5.3757
5.3935
5.4112
5.4290
5.4467
5.4645
5.4823
5.5000
5.5177
5.5355
5.5532
5.5710
5.5887
5.6065
5.6242
5.6419
5.6597
5.6774
5.6951
5.7128
5.7306
5.7483
5.7660
5.7837
5.8014
5.8191
5.8368
5.8545
5.8722
5.8898
5.9075
5.9252
5.9428
5.9605
5.9781
5.9957
6.0133
6.0309
6.0485
6.0661
6.0836
6.1012
6.1187
6.1362
6.1537
6.1712
6.1886
6.2060
6.2234
6.2408
6.2582
6.2755
6.2928
6.3100
6.3273
6.3445
6.3616
6.3787
6.3958
6.4129
6.4299
6.4468
6.4637
6.4805
6.4973
6.5141
6.5308
6.5474
6.5640
6.5805
6.5969
6.6133
6.6296
6.6458
6.6619
6.6780
6.6939
6.7098
6.7256
6.7413
6.7569
6.7724
6.7878
6.8031
6.8183
6.8334
6.8484
6.8632
6.8780
6.8925
6.9070
6.9213
6.9355
6.9496
6.9635
6.9773
6.9909
7.0043
7.0176
7.0308
7.0437
7.0565
7.0692
7.0816
7.0939
7.1059
7.1178
7.1295
7.1410
7.1523
7.1633
7.1742
7.1848
7.1953
7.2055
7.2155
7.2252
7.2347
7.2440
7.2530
7.2618
7.2704
7.2786
7.2867
7.2944
7.3019
7.3091
7.3161
7.3228
7.3291
7.3352
7.3411
7.3466
7.3518
7.3567
7.3614
7.3657
7.3697
7.3734
7.3768
7.3799
7.3826
7.3850
7.3871
7.3889
7.3903
7.3914
7.3922
7.3926
7.3926
7.3924
7.3917
7.3908
7.3894
7.3878
7.3857
7.3833
7.3806
7.3775
7.3740
7.3701
7.3659
7.3613
7.3564
7.3511
7.3454
7.3394
7.3329
7.3261
7.3190
7.3114
7.3035
7.2952
7.2866
7.2775
7.2681
7.2584
7.2482
7.2377
7.2268
7.2156
7.2039
7.1919
7.1796
7.1669
7.1538
7.1403
7.1265
7.1124
7.0979
7.0830
7.0678
7.0522
7.0363
7.0200
7.0034
6.9865
6.9692
6.9516
6.9337
6.9154
6.8969
6.8780
6.8588
6.8393
6.8194
6.7993
6.7789
6.7582
6.7372
6.7159
6.6943
6.6725
6.6503
6.6280
6.6053
6.5824
6.5593
6.5359
6.5123
6.4884
6.4643
6.4400
6.4155
6.3908
6.3658
6.3407
6.3154
6.2899
6.2642
6.2383
6.2123
6.1861
6.1598
6.1333
6.1067
6.0799
6.0530
6.0260
5.9989
5.9717
5.9444
5.9170
5.8895
5.8619
5.8343
5.8066
5.7789
5.7511
5.7232
5.6954
5.6675
5.6396
5.6116
5.5837
5.5558
5.5279
5.5000
5.4721
5.4443
5.4165
5.3888
5.3611
5.3335
5.3059
5.2784
5.2510
5.2237
5.1965
5.1694
5.1425
5.1156
5.0889
5.0623
5.0358
5.0095
4.9833
4.9573
4.9315
4.9059
4.8804
4.8551
4.8300
4.8051
4.7804
4.7559
4.7317
4.7077
4.6838
4.6603
4.6370
4.6139
4.5910
4.5685
4.5462
4.5241
4.5024
4.4809
4.4597
4.4388
4.4181
4.3978
4.3778
4.3581
4.3387
4.3196
4.3008
4.2823
4.2642
4.2464
4.2289
4.2118
4.1950
4.1786
4.1625
4.1467
4.1313
4.1162
4.1015
4.0872
4.0732
4.0596
4.0464
4.0335
4.0209
4.0088
3.9970
3.9856
3.9745
3.9639
3.9536
3.9437
3.9341
3.9250
3.9162
3.9078
3.8997
3.8921
3.8848
3.8779
3.8713
3.8652
3.8594
3.8540
3.8489
3.8442
3.8399
3.8360
3.8324
3.8292
3.8264
3.8239
3.8218
3.8200
3.8186
3.8176
3.8169
3.8165
3.8165
3.8169
3.8176
3.8186
3.8199
3.8216
3.8237
3.8260
3.8287
3.8317
3.8350
3.8386
3.8425
3.8467
3.8513
3.8561
3.8612
3.8666
3.8723
3.8783
3.8846
3.8911
3.8979
3.9050
3.9123
3.9199
3.9277
3.9358
3.9442
3.9527
3.9616
3.9706
3.9799
3.9893
3.9990
4.0090
4.0191
4.0294
4.0399
4.0506
4.0615
4.0726
4.0839
4.0953
4.1069
4.1187
4.1306
4.1427
4.1550
4.1673
4.1799
4.1925
4.2053
4.2182
4.2313
4.2445
4.2577
4.2711
4.2846
4.2982
4.3119
4.3257
4.3395
4.3535
4.3675
4.3816
4.3958
4.4100
4.4243
4.4386
4.4531
4.4675
4.4820
4.4966
4.5111
4.5257
4.5404
4.5551
4.5698
4.5845
4.5992
4.6139
4.6287
4.6434
4.6582
4.6729
4.6877
4.7024
4.7171
4.7318
4.7465
4.7612
4.7759
4.7905
4.8051
4.8196
4.8342
4.8486
4.8631
4.8775
4.8919
4.9062
4.9204
4.9347
4.9488
4.9629
4.9770
4.9909
5.0048
5.0187
5.0325
5.0462
5.0598
5.0734
5.0869
5.1003
5.1137
5.1269
5.1401
5.1532
5.1662
5.1791
5.1920
5.2047
5.2173
5.2299
5.2424
5.2547
5.2670
5.2792
5.2913
5.3032
5.3151
5.3269
5.3385
5.3501
5.3615
5.3729
5.3841
5.3952
5.4062
5.4171
5.4279
5.4385
5.4491
5.4595
5.4698
5.4800
5.4901
5.5000
5.5098
5.5195
5.5291
5.5385
5.5478
5.5570
5.5661
5.5750
5.5838
5.5925
5.6010
5.6094
5.6176
5.6258
5.6337
5.6416
5.6493
5.6568
5.6642
5.6715
5.6786
5.6856
5.6924
5.6991
5.7056
5.7120
5.7183
5.7243
5.7302
5.7360
5.7416
5.7471
5.7524
5.7575
5.7625
5.7673
5.7719
5.7764
5.7807
5.7848
5.7888
5.7926
5.7963
5.7997
5.8030
5.8062
5.8091
5.8119
5.8145
5.8169
5.8192
5.8212
5.8231
5.8248
5.8263
5.8277
5.8288
5.8298
5.8306
5.8312
5.8317
5.8319
5.8319
5.8318
5.8315
5.8310
5.8303
5.8294
5.8283
5.8271
5.8257
5.8240
5.8222
5.8202
5.8180
5.8156
5.8131
5.8103
5.8074
5.8043
5.8010
5.7975
5.7938
5.7899
5.7859
5.7817
5.7773
5.7727
5.7680
5.7631
5.7580
5.7527
5.7473
5.7417
5.7360
5.7300
5.7240
5.7177
5.7113
5.7048
5.6981
5.6912
5.6842
5.6771
5.6698
5.6624
5.6548
5.6471
5.6393
5.6314
5.6233
5.6151
5.6069
5.5985
5.5899
5.5813
5.5726
5.5638
5.5550
5.5460
5.5369
5.5278
5.5186
5.5093
5.5000
