5.5000
5.5068
5.5137
5.5205
5.5273
5.5341
5.5409
5.5477
5.5543
5.5610
5.5675
5.5740
5.5804
5.5868
5.5930
5.5991
5.6051
5.6109
5.6167
5.6222
5.6277
5.6329
5.6381
5.6430
5.6477
5.6523
5.6566
5.6608
5.6647
5.6684
5.6719
5.6751
5.6781
5.6809
5.6834
5.6857
5.6876
5.6893
5.6908
5.6919
5.6928
5.6934
5.6936
5.6936
5.6933
5.6927
5.6917
5.6905
5.6889
5.6870
5.6848
5.6823
5.6794
5.6763
5.6728
5.6690
5.6648
5.6603
5.6555
5.6504
5.6450
5.6392
5.6331
5.6267
5.6200
5.6130
5.6056
5.5980
5.5900
5.5817
5.5732
5.5643
5.5552
5.5458
5.5361
5.5261
5.5158
5.5053
5.4946
5.4836
5.4723
5.4609
5.4492
5.4372
5.4251
5.4127
5.4002
5.3875
5.3746
5.3615
5.3482
5.3348
5.3213
5.3076
5.2938
5.2799
5.2659
5.2518
5.2376
5.2233
5.2090
5.1946
5.1801
5.1656
5.1511
5.1366
5.1221
5.1076
5.0931
5.0786
5.0642
5.0498
5.0355
5.0213
5.0071
4.9931
4.9791
4.9652
4.9515
4.9379
4.9245
4.9112
4.8980
4.8851
4.8723
4.8597
4.8473
4.8351
4.8232
4.8115
4.8000
4.7887
4.7778
4.7670
4.7566
4.7464
4.7365
4.7270
4.7177
4.7087
4.7001
4.6917
4.6838
4.6761
4.6688
4.6618
4.6552
4.6490
4.6431
4.6376
4.6324
4.6277
4.6233
4.6193
4.6157
4.6125
4.6097
4.6073
4.6053
4.6037
4.6025
4.6018
4.6014
4.6015
4.6019
4.6028
4.6041
4.6059
4.6080
4.6106
4.6136
4.6170
4.6208
4.6251
4.6297
4.6348
4.6403
4.6462
4.6525
4.6593
4.6664
4.6739
4.6819
4.6902
4.6990
4.7081
4.7176
4.7275
4.7378
4.7485
4.7596
4.7710
4.7828
4.7949
4.8074
4.8203
4.8335
4.8470
4.8609
4.8752
4.8897
4.9046
4.9198
4.9353
4.9511
4.9672
4.9836
5.0002
5.0172
5.0344
5.0519
5.0696
5.0876
5.1059
5.1244
5.1431
5.1620
5.1812
5.2005
5.2201
5.2399
5.2598
5.2799
5.3002
5.3207
5.3413
5.3621
5.3830
5.4040
5.4251
5.4464
5.4678
5.4892
5.5108
5.5324
5.5541
5.5759
5.5977
5.6196
5.6415
5.6635
5.6854
5.7074
5.7294
5.7514
5.7733
5.7953
5.8172
5.8390
5.8608
5.8826
5.9043
5.9259
5.9474
5.9688
5.9901
6.0113
6.0324
6.0534
6.0742
6.0948
6.1153
6.1357
6.1558
6.1758
6.1956
6.2151
6.2345
6.2536
6.2725
6.2912
6.3096
6.3278
6.3457
6.3633
6.3806
6.3977
6.4144
6.4308
6.4469
6.4627
6.4782
6.4933
6.5081
6.5225
6.5365
6.5502
6.5634
6.5763
6.5888
6.6009
6.6126
6.6239
6.6347
6.6451
6.6551
6.6646
6.6737
6.6823
6.6904
6.6981
6.7053
6.7121
6.7183
6.7241
6.7293
6.7341
6.7383
6.7421
6.7453
6.7480
6.7502
6.7519
6.7530
6.7536
6.7537
6.7532
6.7523
6.7507
6.7486
6.7460
6.7429
6.7392
6.7349
6.7301
6.7248
6.7189
6.7124
6.7055
6.6980
6.6899
6.6813
6.6721
6.6625
6.6523
6.6415
6.6302
6.6185
6.6061
6.5933
6.5800
6.5661
6.5518
6.5369
6.5216
6.5057
6.4894
6.4726
6.4554
6.4376
6.4195
6.4008
6.3818
6.3623
6.3424
6.3220
6.3013
6.2801
6.2586
6.2367
6.2144
6.1918
6.1688
6.1455
6.1218
6.0979
6.0736
6.0490
6.0242
5.9990
5.9736
5.9480
5.9221
5.8960
5.8697
5.8432
5.8165
5.7896
5.7625
5.7353
5.7080
5.6806
5.6530
5.6253
5.5976
5.5698
5.5419
5.5140
5.4860
5.4581
5.4301
5.4021
5.3742
5.3463
5.3185
5.2907
5.2630
5.2354
5.2079
5.1805
5.1532
5.1261
5.0992
5.0724
5.0458
5.0194
4.9932
4.9672
4.9415
4.9160
4.8908
4.8658
4.8411
4.8167
4.7926
4.7688
4.7454
4.7223
4.6995
4.6771
4.6551
4.6334
4.6121
4.5913
4.5708
4.5508
4.5311
4.5119
4.4932
4.4749
4.4570
4.4396
4.4227
4.4063
4.3903
4.3749
4.3599
4.3455
4.3315
4.3181
4.3052
4.2928
4.2809
4.2696
4.2588
4.2486
4.2388
4.2297
4.2211
4.2130
4.2055
4.1986
4.1922
4.1863
4.1811
4.1764
4.1722
4.1686
4.1656
4.1631
4.1612
4.1599
4.1591
4.1589
4.1592
4.1601
4.1616
4.1635
4.1661
4.1692
4.1728
4.1770
4.1817
4.1869
4.1927
4.1990
4.2058
4.2132
4.2210
4.2294
4.2383
4.2476
4.2575
4.2678
4.2787
4.2900
4.3017
4.3140
4.3267
4.3398
4.3534
4.3675
4.3819
4.3968
4.4122
4.4279
4.4440
4.4606
4.4775
4.4948
4.5125
4.5306
4.5490
4.5677
4.5869
4.6063
4.6261
4.6462
4.6666
4.6874
4.7084
4.7297
4.7513
4.7731
4.7953
4.8177
4.8403
4.8632
4.8863
4.9096
4.9331
4.9569
4.9808
5.0049
5.0292
5.0537
5.0783
5.1031
5.1280
5.1531
5.1783
5.2036
5.2290
5.2545
5.2801
5.3058
5.3315
5.3573
5.3832
5.4091
5.4350
5.4610
5.4870
5.5130
5.5390
5.5650
5.5910
5.6169
5.6428
5.6687
5.6945
5.7203
5.7459
5.7715
5.7970
5.8224
5.8477
5.8729
5.8980
5.9229
5.9477
5.9723
5.9968
6.0211
6.0452
6.0691
6.0929
6.1164
6.1397
6.1628
6.1857
6.2083
6.2307
6.2528
6.2747
6.2963
6.3175
6.3386
6.3593
6.3797
6.3997
6.4195
6.4389
6.4580
6.4768
6.4951
6.5132
6.5308
6.5481
6.5650
6.5815
6.5975
6.6132
6.6285
6.6433
6.6577
6.6717
6.6852
6.6983
6.7109
6.7231
6.7347
6.7459
6.7567
6.7669
6.7766
6.7859
6.7946
6.8029
6.8106
6.8178
6.8244
6.8306
6.8362
6.8413
6.8458
6.8498
6.8532
6.8561
6.8584
6.8602
6.8614
6.8621
6.8622
6.8617
6.8607
6.8591
6.8569
6.8542
6.8509
6.8470
6.8425
6.8375
6.8319
6.8257
6.8190
6.8117
6.8038
6.7953
6.7863
6.7768
6.7667
6.7560
6.7448
6.7330
6.7207
6.7078
6.6944
6.6805
6.6660
6.6511
6.6356
6.6196
6.6031
6.5861
6.5686
6.5506
6.5322
6.5133
6.4939
6.4741
6.4538
6.4331
6.4119
6.3904
6.3684
6.3460
6.3233
6.3001
6.2766
6.2527
6.2285
6.2039
6.1790
6.1538
6.1283
6.1025
6.0764
6.0500
6.0234
5.9965
5.9694
5.9421
5.9146
5.8869
5.8589
5.8309
5.8026
5.7742
5.7457
5.7171
5.6884
5.6595
5.6306
5.6017
5.5727
5.5436
5.5145
5.4855
5.4564
5.4273
5.3983
5.3693
5.3404
5.3116
5.2828
5.2542
5.2257
5.1973
5.1690
5.1409
5.1129
5.0852
5.0576
5.0303
5.0031
4.9762
4.9496
4.9232
4.8970
4.8712
4.8456
4.8203
4.7954
4.7708
4.7465
4.7226
4.6990
4.6758
4.6530
4.6305
4.6085
4.5869
4.5657
4.5449
4.5245
4.5046
4.4852
4.4662
4.4477
4.4296
4.4121
4.3950
4.3784
4.3624
4.3468
4.3318
4.3172
4.3032
4.2898
4.2768
4.2644
4.2526
4.2413
4.2305
4.2203
4.2107
4.2016
4.1931
4.1851
4.1777
4.1709
4.1647
4.1590
4.1539
4.1494
4.1454
4.1420
4.1392
4.1370
4.1353
4.1342
4.1336
4.1337
4.1343
4.1354
4.1371
4.1394
4.1422
4.1456
4.1496
4.1540
4.1591
4.1646
4.1707
4.1773
4.1845
4.1922
4.2004
4.2091
4.2183
4.2280
4.2382
4.2489
4.2601
4.2717
4.2839
4.2965
4.3095
4.3230
4.3370
4.3514
4.3663
4.3815
4.3972
4.4133
4.4298
4.4467
4.4640
4.4817
4.4997
4.5181
4.5369
4.5560
4.5755
4.5953
4.6154
4.6359
4.6567
4.6777
4.6991
4.7208
4.7427
4.7649
4.7873
4.8101
4.8330
4.8562
4.8796
4.9033
4.9271
4.9512
4.9754
4.9998
5.0244
5.0492
5.0741
5.0992
5.1244
5.1497
5.1752
5.2008
5.2264
5.2522
5.2781
5.3040
5.3300
5.3560
5.3821
5.4083
5.4345
5.4607
5.4869
5.5131
5.5393
5.5655
5.5917
5.6179
5.6440
5.6700
5.6960
5.7220
5.7478
5.7736
5.7993
5.8248
5.8503
5.8757
5.9009
5.9259
5.9509
5.9756
6.0002
6.0247
6.0489
6.0730
6.0968
6.1205
6.1439
6.1671
6.1901
6.2128
6.2353
6.2575
6.2794
6.3011
6.3225
6.3436
6.3643
6.3848
6.4050
6.4248
6.4443
6.4634
6.4822
6.5006
6.5187
6.5364
6.5537
6.5706
6.5871
6.6032
6.6189
6.6342
6.6491
6.6635
6.6775
6.6910
6.7041
6.7167
6.7289
6.7405
6.7517
6.7625
6.7727
6.7824
6.7916
6.8004
6.8086
6.8163
6.8234
6.8301
6.8362
6.8418
6.8468
6.8513
6.8552
6.8586
6.8615
6.8638
6.8655
6.8667
6.8673
6.8673
6.8668
6.8657
6.8641
6.8618
6.8590
6.8556
6.8517
6.8472
6.8421
6.8364
6.8302
6.8234
6.8160
6.8080
6.7995
6.7905
6.7808
6.7706
6.7599
6.7486
6.7367
6.7244
6.7114
6.6980
6.6840
6.6694
6.6544
6.6388
6.6227
6.6062
6.5891
6.5715
6.5535
6.5350
6.5160
6.4965
6.4766
6.4562
6.4355
6.4142
6.3926
6.3705
6.3481
6.3253
6.3020
6.2784
6.2545
6.2302
6.2056
6.1806
6.1553
6.1297
6.1038
6.0777
6.0512
6.0245
5.9976
5.9704
5.9430
5.9154
5.8876
5.8597
5.8315
5.8032
5.7748
5.7462
5.7175
5.6887
5.6598
5.6309
5.6019
5.5728
5.5437
5.5146
5.4854
5.4563
5.4272
5.3981
5.3691
5.3402
5.3113
5.2825
5.2538
5.2252
5.1968
5.1685
5.1403
5.1123
5.0845
5.0569
5.0296
5.0024
4.9754
4.9487
4.9223
4.8961
4.8703
4.8447
4.8194
4.7944
4.7698
4.7455
4.7215
4.6979
4.6747
4.6519
4.6294
4.6074
4.5857
4.5645
4.5437
4.5233
4.5034
4.4840
4.4650
4.4464
4.4284
4.4108
4.3937
4.3772
4.3611
4.3455
4.3305
4.3159
4.3019
4.2885
4.2755
4.2631
4.2513
4.2400
4.2292
4.2190
4.2094
4.2003
4.1918
4.1839
4.1765
4.1697
4.1634
4.1578
4.1527
4.1481
4.1442
4.1408
4.1380
4.1358
4.1341
4.1330
4.1325
4.1325
4.1331
4.1343
4.1360
4.1383
4.1412
4.1446
4.1485
4.1530
4.1580
4.1636
4.1697
4.1764
4.1835
4.1912
4.1994
4.2081
4.2174
4.2271
4.2373
4.2480
4.2592
4.2709
4.2831
4.2957
4.3088
4.3223
4.3363
4.3507
4.3655
4.3808
4.3965
4.4126
4.4292
4.4461
4.4634
4.4811
4.4991
4.5176
4.5364
4.5555
4.5750
4.5948
4.6150
4.6354
4.6562
4.6773
4.6987
4.7204
4.7423
4.7645
4.7870
4.8097
4.8327
4.8559
4.8793
4.9030
4.9268
4.9509
4.9752
4.9996
5.0242
5.0490
5.0739
5.0990
5.1242
5.1496
5.1750
5.2006
5.2263
5.2521
5.2780
5.3039
5.3299
5.3560
5.3821
5.4083
5.4344
5.4607
5.4869
5.5131
5.5393
5.5656
5.5917
5.6179
5.6440
5.6701
5.6961
5.7220
5.7479
5.7737
5.7994
5.8250
5.8504
5.8758
5.9010
5.9261
5.9510
5.9758
6.0004
6.0248
6.0491
6.0732
6.0970
6.1207
6.1441
6.1673
6.1903
6.2130
6.2355
6.2577
6.2797
6.3013
6.3227
6.3438
6.3646
6.3850
6.4052
6.4250
6.4445
6.4637
6.4825
6.5009
6.5190
6.5366
6.5539
6.5709
6.5874
6.6035
6.6192
6.6345
6.6493
6.6638
6.6777
6.6913
6.7043
6.7170
6.7291
6.7408
6.7520
6.7627
6.7729
6.7827
6.7919
6.8006
6.8088
6.8165
6.8237
6.8303
6.8364
6.8420
6.8470
6.8515
6.8555
6.8589
6.8617
6.8640
6.8658
6.8669
6.8675
6.8676
6.8670
6.8659
6.8643
6.8621
6.8592
6.8559
6.8519
6.8474
6.8423
6.8366
6.8304
6.8236
6.8162
6.8082
6.7997
6.7907
6.7810
6.7708
6.7601
6.7488
6.7369
6.7245
6.7116
6.6981
6.6841
6.6696
6.6545
6.6390
6.6229
6.6063
6.5892
6.5717
6.5536
6.5351
6.5161
6.4966
6.4767
6.4564
6.4356
6.4143
6.3927
6.3706
6.3482
6.3253
6.3021
6.2785
6.2546
6.2303
6.2056
6.1807
6.1554
6.1298
6.1039
6.0777
6.0513
6.0246
5.9977
5.9705
5.9431
5.9155
5.8877
5.8597
5.8316
5.8032
5.7748
5.7462
5.7175
5.6887
5.6598
5.6309
5.6019
5.5728
5.5437
5.5146
5.4854
5.4563
5.4272
5.3981
5.3691
5.3402
5.3113
5.2825
5.2538
5.2252
5.1968
5.1684
5.1403
5.1123
5.0845
5.0569
5.0295
5.0023
4.9754
4.9487
4.9223
4.8961
4.8702
4.8446
4.8193
4.7944
4.7697
4.7454
4.7215
4.6979
4.6747
4.6518
4.6294
4.6073
4.5857
4.5644
4.5436
4.5233
4.5034
4.4839
4.4649
4.4464
4.4283
4.4108
4.3937
4.3771
4.3610
4.3455
4.3304
4.3159
4.3019
4.2884
4.2755
4.2631
4.2512
4.2399
4.2292
4.2190
4.2093
4.2003
4.1918
4.1838
4.1764
4.1696
4.1634
4.1577
4.1526
4.1481
4.1441
4.1407
4.1379
4.1357
4.1340
4.1329
4.1324
4.1325
4.1331
4.1342
4.1360
4.1383
4.1411
4.1445
4.1485
4.1529
4.1580
4.1636
4.1697
4.1763
4.1835
4.1912
4.1994
4.2081
4.2173
4.2271
4.2373
4.2480
4.2592
4.2709
4.2830
4.2956
4.3087
4.3223
4.3362
4.3507
4.3655
4.3808
4.3965
4.4126
4.4291
4.4460
4.4633
4.4810
4.4991
4.5175
4.5363
4.5555
4.5750
4.5948
4.6149
4.6354
4.6562
4.6773
4.6987
4.7203
4.7423
4.7645
4.7870
4.8097
4.8327
4.8559
4.8793
4.9030
4.9268
4.9509
4.9752
4.9996
5.0242
5.0490
5.0739
5.0990
5.1242
5.1496
5.1750
5.2006
5.2263
5.2521
5.2780
5.3039
5.3299
5.3560
5.3821
5.4083
5.4344
5.4607
5.4869
5.5131
5.5393
5.5656
5.5917
5.6179
5.6440
5.6701
5.6961
5.7220
5.7479
5.7737
5.7994
5.8250
5.8504
5.8758
5.9010
5.9261
5.9510
5.9758
6.0004
6.0248
6.0491
6.0732
6.0970
6.1207
6.1441
6.1673
6.1903
6.2130
6.2355
6.2577
6.2797
6.3013
6.3227
6.3438
6.3646
6.3851
6.4052
6.4250
6.4445
6.4637
6.4825
6.5009
6.5190
6.5367
6.5540
6.5709
6.5874
6.6035
6.6192
6.6345
6.6493
6.6638
6.6777
6.6913
6.7044
6.7170
6.7291
6.7408
6.7520
6.7627
6.7729
6.7827
6.7919
6.8006
6.8088
6.8165
6.8237
6.8303
6.8364
6.8420
6.8471
6.8515
6.8555
6.8589
6.8617
6.8640
6.8658
6.8669
6.8675
6.8676
6.8671
6.8660
6.8643
6.8621
6.8593
6.8559
6.8519
6.8474
6.8423
6.8366
6.8304
6.8236
6.8162
6.8082
6.7997
6.7907
6.7810
6.7708
6.7601
6.7488
6.7369
6.7245
6.7116
6.6981
6.6841
6.6696
6.6545
6.6390
6.6229
6.6063
6.5892
6.5717
6.5536
6.5351
6.5161
6.4966
6.4767
6.4564
6.4356
6.4143
6.3927
6.3706
6.3482
6.3254
6.3021
6.2785
6.2546
6.2303
6.2056
6.1807
6.1554
6.1298
6.1039
6.0777
6.0513
6.0246
5.9977
5.9705
5.9431
5.9155
5.8877
5.8597
5.8316
5.8032
5.7748
5.7462
5.7175
5.6887
5.6598
5.6309
5.6019
5.5728
5.5437
5.5146
5.4854
5.4563
5.4272
5.3981
5.3691
5.3402
5.3113
5.2825
5.2538
5.2252
5.1968
5.1684
5.1403
5.1123
5.0845
5.0569
5.0295
5.0023
4.9754
4.9487
4.9223
4.8961
4.8702
4.8446
4.8193
4.7944
4.7697
4.7454
4.7215
4.6979
4.6746
4.6518
4.6294
4.6073
4.5857
4.5644
4.5436
4.5233
4.5034
4.4839
4.4649
4.4464
4.4283
4.4108
4.3937
4.3771
4.3610
4.3455
4.3304
4.3159
4.3019
4.2884
4.2755
4.2631
4.2512
4.2399
4.2292
4.2190
4.2093
4.2003
4.1918
4.1838
4.1764
4.1696
4.1634
4.1577
4.1526
4.1481
4.1441
4.1407
4.1379
4.1357
4.1340
4.1329
4.1324
4.1325
4.1331
4.1342
4.1360
4.1383
4.1411
4.1445
4.1485
4.1529
4.1580
4.1636
4.1697
4.1763
4.1835
4.1912
4.1994
4.2081
4.2173
4.2271
4.2373
4.2480
4.2592
4.2709
4.2830
4.2956
4.3087
4.3223
4.3362
4.3507
4.3655
4.3808
4.3965
4.4126
4.4291
4.4460
4.4633
4.4810
4.4991
4.5175
4.5363
4.5555
4.5750
4.5948
4.6149
4.6354
4.6562
4.6773
4.6987
4.7203
4.7423
4.7645
4.7870
4.8097
4.8327
4.8559
4.8793
4.9030
4.9268
4.9509
4.9752
4.9996
5.0242
5.0490
5.0739
5.0990
5.1242
5.1496
5.1750
5.2006
5.2263
5.2521
5.2780
5.3039
5.3299
5.3560
5.3821
5.4083
5.4344
5.4607
5.4869
5.5131
5.5393
5.5656
5.5917
5.6179
5.6440
5.6701
5.6961
5.7220
5.7479
5.7737
5.7994
5.8250
5.8504
5.8758
5.9010
5.9261
5.9510
5.9758
6.0004
6.0248
6.0491
6.0732
6.0970
6.1207
6.1441
6.1673
6.1903
6.2130
6.2355
6.2577
6.2797
6.3013
6.3227
6.3438
6.3646
6.3851
6.4052
6.4250
6.4445
6.4637
6.4825
6.5009
6.5190
6.5367
6.5540
6.5709
6.5874
6.6035
6.6192
6.6345
6.6493
6.6638
6.6777
6.6913
6.7044
6.7170
6.7291
6.7408
6.7520
6.7627
6.7729
6.7827
6.7919
6.8006
6.8088
6.8165
6.8237
6.8303
6.8364
6.8420
6.8471
6.8515
6.8555
6.8589
6.8617
6.8640
6.8658
6.8669
6.8675
6.8676
6.8671
6.8660
6.8643
6.8621
6.8593
6.8559
6.8519
6.8474
6.8423
6.8366
6.8304
6.8236
6.8162
6.8082
6.7997
6.7907
6.7810
6.7708
6.7601
6.7488
6.7369
6.7245
6.7116
6.6981
6.6841
6.6696
6.6545
6.6390
6.6229
6.6063
6.5892
6.5717
6.5536
6.5351
6.5161
6.4966
6.4767
6.4564
6.4356
6.4143
6.3927
6.3706
6.3482
6.3254
6.3021
6.2785
6.2546
6.2303
6.2056
6.1807
6.1554
6.1298
6.1039
6.0777
6.0513
6.0246
5.9977
5.9705
5.9431
5.9155
5.8877
5.8597
5.8316
5.8033
5.7748
5.7462
5.7175
5.6887
5.6598
5.6309
5.6019
5.5728
5.5437
5.5146
5.4854
5.4563
5.4272
5.3981
5.3691
5.3402
5.3113
5.2825
5.2538
5.2252
5.1967
5.1684
5.1403
5.1123
5.0845
5.0569
5.0295
5.0023
4.9754
4.9487
4.9223
4.8961
4.8702
4.8446
4.8193
4.7944
4.7697
4.7454
4.7215
4.6979
4.6746
4.6518
4.6294
4.6073
4.5857
4.5644
4.5436
4.5233
4.5034
4.4839
4.4649
4.4464
4.4283
4.4108
4.3937
4.3771
4.3610
4.3455
4.3304
4.3159
4.3019
4.2884
4.2755
4.2631
4.2512
4.2399
4.2292
4.2190
4.2093
4.2003
4.1918
4.1838
4.1764
4.1696
4.1634
4.1577
4.1526
4.1481
4.1441
4.1407
4.1379
4.1357
4.1340
4.1329
4.1324
4.1325
4.1331
4.1342
4.1360
4.1383
4.1411
4.1445
4.1485
4.1529
4.1580
4.1636
4.1697
4.1763
4.1835
4.1912
4.1994
4.2081
4.2173
4.2271
4.2373
4.2480
4.2592
4.2709
4.2830
4.2956
4.3087
4.3223
4.3362
4.3507
4.3655
4.3808
4.3965
4.4126
4.4291
4.4460
4.4633
4.4810
4.4991
4.5175
4.5363
4.5555
4.5750
4.5948
4.6149
4.6354
4.6562
4.6773
4.6987
4.7203
4.7423
4.7645
4.7870
4.8097
4.8327
4.8559
4.8793
4.9030
4.9268
4.9509
4.9752
4.9996
5.0242
5.0490
5.0739
5.0990
5.1242
5.1496
5.1750
5.2006
5.2263
5.2521
5.2780
5.3039
5.3299
5.3560
5.3821
5.4083
5.4344
5.4607
5.4869
5.5131
5.5393
5.5656
5.5917
5.6179
5.6440
5.6701
5.6961
5.7220
5.7479
5.7737
5.7994
5.8250
5.8504
5.8758
5.9010
5.9261
5.9510
5.9758
6.0004
6.0248
6.0491
6.0732
6.0970
6.1207
6.1441
6.1673
6.1903
6.2130
6.2355
6.2577
6.2797
6.3013
6.3227
6.3438
6.3646
6.3851
6.4052
6.4250
6.4445
6.4637
6.4825
6.5009
6.5190
6.5367
6.5540
6.5709
6.5874
6.6035
6.6192
6.6345
6.6493
6.6638
6.6777
6.6913
6.7044
6.7170
6.7291
6.7408
6.7520
6.7627
6.7729
6.7827
6.7919
6.8006
6.8088
6.8165
6.8237
6.8303
6.8364
6.8420
6.8471
6.8515
6.8555
6.8589
6.8617
6.8640
6.8658
6.8669
6.8675
6.8676
6.8671
6.8660
6.8643
6.8621
6.8593
6.8559
6.8519
6.8474
6.8423
6.8366
6.8304
6.8236
6.8162
6.8082
6.7997
6.7907
6.7810
6.7708
6.7601
6.7488
6.7369
6.7245
6.7116
6.6981
6.6841
6.6696
6.6545
6.6390
6.6229
6.6063
6.5892
6.5717
6.5536
6.5351
6.5161
6.4966
6.4767
6.4564
6.4356
6.4143
6.3927
6.3706
6.3482
6.3254
6.3021
6.2785
6.2546
6.2303
6.2056
6.1807
6.1554
6.1298
6.1039
6.0777
6.0513
6.0246
5.9977
5.9705
5.9431
5.9155
5.8877
5.8597
5.8316
5.8033
5.7748
5.7462
5.7175
5.6887
5.6598
5.6309
5.6019
5.5728
5.5437
5.5146
5.4854
5.4563
5.4272
5.3981
5.3691
5.3402
5.3113
5.2825
5.2538
5.2252
5.1967
5.1684
5.1403
5.1123
5.0845
5.0569
5.0295
5.0023
4.9754
4.9487
4.9223
4.8961
4.8702
4.8446
4.8193
4.7944
4.7697
4.7454
4.7215
4.6979
4.6746
4.6518
4.6294
4.6073
4.5857
4.5644
4.5436
4.5233
4.5034
4.4839
4.4649
4.4464
4.4283
4.4108
4.3937
4.3771
4.3610
4.3455
4.3304
4.3159
4.3019
4.2884
4.2755
4.2631
4.2512
4.2399
4.2292
4.2190
4.2093
4.2003
4.1918
4.1838
4.1764
4.1696
4.1634
4.1577
4.1526
4.1481
4.1441
4.1407
4.1379
4.1357
4.1340
4.1329
4.1324
4.1325
4.1331
4.1342
4.1360
4.1383
4.1411
4.1445
4.1485
4.1529
4.1580
4.1636
4.1697
4.1763
4.1835
4.1912
4.1994
4.2081
4.2173
4.2271
4.2373
4.2480
4.2592
4.2709
4.2830
4.2956
4.3087
4.3223
4.3362
4.3507
4.3655
4.3808
4.3965
4.4126
4.4291
4.4460
4.4633
4.4810
4.4991
4.5175
4.5363
4.5555
4.5750
4.5948
4.6149
4.6354
4.6562
4.6773
4.6987
4.7203
4.7423
4.7645
4.7870
4.8097
4.8327
4.8559
4.8793
4.9030
4.9268
4.9509
4.9752
4.9996
5.0242
5.0490
5.0739
5.0990
5.1242
5.1496
5.1750
5.2006
5.2263
5.2521
5.2780
5.3039
5.3299
5.3560
5.3821
5.4083
5.4344
5.4607
5.4869
5.5131
5.5393
5.5656
5.5917
5.6179
5.6440
5.6701
5.6961
5.7220
5.7479
5.7737
5.7994
5.8250
5.8504
5.8758
5.9010
5.9261
5.9510
5.9758
6.0004
6.0248
6.0491
6.0732
6.0970
6.1207
6.1441
6.1673
6.1903
6.2130
6.2355
6.2577
6.2797
6.3013
6.3227
6.3438
6.3646
6.3851
6.4052
6.4250
6.4445
6.4637
6.4825
6.5009
6.5190
6.5367
6.5540
6.5709
6.5874
6.6035
6.6192
6.6345
6.6493
6.6638
6.6777
6.6913
6.7044
6.7170
6.7291
6.7408
6.7520
6.7627
6.7729
6.7827
6.7919
6.8006
6.8088
6.8165
6.8237
6.8303
6.8364
6.8420
6.8471
6.8515
6.8555
6.8589
6.8617
6.8640
6.8658
6.8669
6.8675
6.8676
6.8671
6.8660
6.8643
6.8621
6.8593
6.8559
6.8519
6.8474
6.8423
6.8366
6.8304
6.8236
6.8162
6.8082
6.7997
6.7907
6.7810
6.7708
6.7601
6.7488
6.7369
6.7245
6.7116
6.6981
6.6841
6.6696
6.6545
6.6390
6.6229
6.6063
6.5892
6.5717
6.5536
6.5351
6.5161
6.4966
6.4767
6.4564
6.4356
6.4143
6.3927
6.3706
6.3482
6.3254
6.3021
6.2785
6.2546
6.2303
6.2056
6.1807
6.1554
6.1298
6.1039
6.0777
6.0513
6.0246
5.9977
5.9705
5.9431
5.9155
5.8877
5.8597
5.8316
5.8033
5.7748
5.7462
5.7175
5.6887
5.6598
5.6309
5.6019
5.5728
5.5437
5.5146
5.4854
5.4563
5.4272
5.3981
5.3691
5.3402
5.3113
5.2825
5.2538
5.2252
5.1967
5.1684
5.1403
5.1123
5.0845
5.0569
5.0295
5.0023
4.9754
4.9487
4.9223
4.8961
4.8702
4.8446
4.8193
4.7944
4.7697
4.7454
4.7215
4.6979
4.6746
4.6518
4.6294
4.6073
4.5857
4.5644
4.5436
4.5233
4.5034
4.4839
4.4649
4.4464
4.4283
4.4108
4.3937
4.3771
4.3610
4.3455
4.3304
4.3159
4.3019
4.2884
4.2755
4.2631
4.2512
4.2399
4.2292
4.2190
4.2093
4.2003
4.1918
4.1838
4.1764
4.1696
4.1634
4.1577
4.1526
4.1481
4.1441
4.1407
4.1379
4.1357
4.1340
4.1329
4.1324
4.1325
4.1331
4.1342
4.1360
4.1383
4.1411
4.1445
4.1485
4.1529
4.1580
4.1636
4.1697
4.1763
4.1835
4.1912
4.1994
4.2081
4.2173
4.2271
4.2373
4.2480
4.2592
4.2709
4.2830
4.2956
4.3087
4.3223
4.3362
4.3507
4.3655
4.3808
4.3965
4.4126
4.4291
4.4460
4.4633
4.4810
4.4991
4.5175
4.5363
4.5555
4.5750
4.5948
4.6149
4.6354
4.6562
4.6773
4.6987
4.7203
4.7423
4.7645
4.7870
4.8097
4.8327
4.8559
4.8793
4.9030
4.9268
4.9509
4.9752
4.9996
5.0242
5.0490
5.0739
5.0990
5.1242
5.1496
5.1750
5.2006
5.2263
5.2521
5.2780
5.3039
5.3299
5.3560
5.3821
5.4083
5.4344
5.4607
5.4869
5.5131
5.5393
5.5656
5.5917
5.6179
5.6440
5.6701
5.6961
5.7220
5.7479
5.7737
5.7994
5.8250
5.8504
5.8758
5.9010
5.9261
5.9510
5.9758
6.0004
6.0248
6.0491
6.0732
6.0970
6.1207
6.1441
6.1673
6.1903
6.2130
6.2355
6.2577
6.2797
6.3013
6.3227
6.3438
6.3646
6.3851
6.4052
6.4250
6.4445
6.4637
6.4825
6.5009
6.5190
6.5367
6.5540
6.5709
6.5874
6.6035
6.6192
6.6345
6.6493
6.6638
6.6777
6.6913
6.7044
6.7170
6.7291
6.7408
6.7520
6.7627
6.7729
6.7827
6.7919
6.8006
6.8088
6.8165
6.8237
6.8303
6.8364
6.8420
6.8471
6.8515
6.8555
6.8589
6.8617
6.8640
6.8658
6.8669
6.8675
6.8676
6.8671
6.8660
6.8643
6.8621
6.8593
6.8559
6.8519
6.8474
6.8423
6.8366
6.8304
6.8236
6.8162
6.8082
6.7997
6.7907
6.7810
6.7708
6.7601
6.7488
6.7369
6.7245
6.7116
6.6981
6.6841
6.6696
6.6545
6.6390
6.6229
6.6063
6.5892
6.5717
6.5536
6.5351
6.5161
6.4966
6.4767
6.4564
6.4356
6.4143
6.3927
6.3706
6.3482
6.3254
6.3021
6.2785
6.2546
6.2303
6.2056
6.1807
6.1554
6.1298
6.1039
6.0777
6.0513
6.0246
5.9977
5.9705
5.9431
5.9155
5.8877
5.8597
5.8316
5.8033
5.7748
5.7462
5.7175
5.6887
5.6598
5.6309
5.6019
5.5728
5.5437
5.5146
5.4854
5.4563
5.4272
5.3981
5.3691
5.3402
5.3113
5.2825
5.2538
5.2252
5.1967
5.1684
5.1403
5.1123
5.0845
5.0569
5.0295
5.0023
4.9754
4.9487
4.9223
4.8961
4.8702
4.8446
4.8193
4.7944
4.7697
4.7454
4.7215
4.6979
4.6746
4.6518
4.6294
4.6073
4.5857
4.5644
4.5436
4.5233
4.5034
4.4839
4.4649
4.4464
4.4283
4.4108
4.3937
4.3771
4.3610
4.3455
4.3304
4.3159
4.3019
4.2884
4.2755
4.2631
4.2512
4.2399
4.2292
4.2190
4.2093
4.2003
4.1918
4.1838
4.1764
4.1696
4.1634
4.1577
4.1526
4.1481
4.1441
4.1407
4.1379
4.1357
4.1340
4.1329
4.1324
4.1325
4.1331
4.1342
4.1360
4.1383
4.1411
4.1445
4.1485
4.1529
4.1580
4.1636
4.1697
4.1763
4.1835
4.1912
4.1994
4.2081
4.2173
4.2271
4.2373
4.2480
4.2592
4.2709
4.2830
4.2956
4.3087
4.3223
4.3362
4.3507
4.3655
4.3808
4.3965
4.4126
4.4291
4.4460
4.4633
4.4810
4.4991
4.5175
4.5363
4.5555
4.5750
4.5948
4.6149
4.6354
4.6562
4.6773
4.6987
4.7203
4.7423
4.7645
4.7870
4.8097
4.8327
4.8559
4.8793
4.9030
4.9268
4.9509
4.9752
4.9996
5.0242
5.0490
5.0739
5.0990
5.1242
5.1496
5.1750
5.2006
5.2263
5.2521
5.2780
5.3039
5.3299
5.3560
5.3821
5.4083
5.4344
5.4607
5.4869
5.5131
5.5393
5.5656
5.5917
5.6179
5.6440
5.6701
5.6961
5.7220
5.7479
5.7737
5.7994
5.8250
5.8504
5.8758
5.9010
5.9261
5.9510
5.9758
6.0004
6.0248
6.0491
6.0732
6.0970
6.1207
6.1441
6.1673
6.1903
6.2130
6.2355
6.2577
6.2797
6.3013
6.3227
6.3438
6.3646
6.3851
6.4052
6.4250
6.4445
6.4637
6.4825
6.5009
6.5190
6.5367
6.5540
6.5709
6.5874
6.6035
6.6192
6.6345
6.6493
6.6638
6.6777
6.6913
6.7044
6.7170
6.7291
6.7408
6.7520
6.7627
6.7729
6.7827
6.7919
6.8006
6.8088
6.8165
6.8237
6.8303
6.8364
6.8420
6.8471
6.8515
6.8555
6.8589
6.8617
6.8640
6.8658
6.8669
6.8675
6.8676
6.8671
6.8660
6.8643
6.8621
6.8593
6.8559
6.8519
6.8474
6.8423
6.8366
6.8304
6.8236
6.8162
6.8082
6.7997
6.7907
6.7810
6.7708
6.7601
6.7488
6.7369
6.7245
6.7116
6.6981
6.6841
6.6696
6.6545
6.6390
6.6229
6.6063
6.5892
6.5717
6.5536
6.5351
6.5161
6.4966
6.4767
6.4564
6.4356
6.4143
6.3927
6.3706
6.3482
6.3254
6.3021
6.2785
6.2546
6.2303
6.2056
6.1807
6.1554
6.1298
6.1039
6.0777
6.0513
6.0246
5.9977
5.9705
5.9431
5.9155
5.8877
5.8597
5.8316
5.8033
5.7748
5.7462
5.7175
5.6887
5.6598
5.6309
5.6019
5.5728
5.5437
5.5146
5.4854
5.4563
5.4272
5.3981
5.3691
5.3402
5.3113
5.2825
5.2538
5.2252
5.1967
5.1684
5.1403
5.1123
5.0845
5.0569
5.0295
5.0023
4.9754
4.9487
4.9223
4.8961
4.8702
4.8446
4.8193
4.7944
4.7697
4.7454
4.7215
4.6979
4.6746
4.6518
4.6294
4.6073
4.5857
4.5644
4.5436
4.5233
4.5034
4.4839
4.4649
4.4464
4.4283
4.4108
4.3937
4.3771
4.3610
4.3455
4.3304
4.3159
4.3019
4.2884
4.2755
4.2631
4.2512
4.2399
4.2292
4.2190
4.2093
4.2003
4.1918
4.1838
4.1764
4.1696
4.1634
4.1577
4.1526
4.1481
4.1441
4.1407
4.1379
4.1357
4.1340
4.1329
4.1324
4.1325
4.1331
4.1342
4.1360
4.1383
4.1411
4.1445
4.1485
4.1529
4.1580
4.1636
4.1697
4.1763
4.1835
4.1912
4.1994
4.2081
4.2173
4.2271
4.2373
4.2480
4.2592
4.2709
4.2830
4.2956
4.3087
4.3223
4.3362
4.3507
4.3655
4.3808
4.3965
4.4126
4.4291
4.4460
4.4633
4.4810
4.4991
4.5175
4.5363
4.5555
4.5750
4.5948
4.6149
4.6354
4.6562
4.6773
4.6987
4.7203
4.7423
4.7645
4.7870
4.8097
4.8327
4.8559
4.8793
4.9030
4.9268
4.9509
4.9752
4.9996
5.0242
5.0490
5.0739
5.0990
5.1242
5.1496
5.1750
5.2006
5.2263
5.2521
5.2780
5.3039
5.3299
5.3560
5.3821
5.4083
5.4344
5.4607
5.4869
5.5131
5.5393
5.5656
5.5917
5.6179
5.6440
5.6701
5.6961
5.7220
5.7479
5.7737
5.7994
5.8250
5.8504
5.8758
5.9010
5.9261
5.9510
5.9758
6.0004
6.0248
6.0491
6.0732
6.0970
6.1207
6.1441
6.1673
6.1903
6.2130
6.2355
6.2577
6.2797
6.3013
6.3227
6.3438
6.3646
6.3851
6.4052
6.4250
6.4445
6.4637
6.4825
6.5009
6.5190
6.5367
6.5540
6.5709
6.5874
6.6035
6.6192
6.6345
6.6493
6.6638
6.6777
6.6913
6.7044
6.7170
6.7291
6.7408
6.7520
6.7627
6.7729
6.7827
6.7919
6.8006
6.8088
6.8165
6.8237
6.8303
6.8364
6.8420
6.8471
6.8515
6.8555
6.8589
6.8617
6.8640
6.8658
6.8669
6.8675
6.8676
6.8671
6.8660
6.8643
6.8621
6.8593
6.8559
6.8519
6.8474
6.8423
6.8366
6.8304
6.8236
6.8162
6.8082
6.7997
6.7907
6.7810
6.7708
6.7601
6.7488
6.7369
6.7245
6.7116
6.6981
6.6841
6.6696
6.6545
6.6390
6.6229
6.6063
6.5892
6.5717
6.5536
6.5351
6.5161
6.4966
6.4767
6.4564
6.4356
6.4143
6.3927
6.3706
6.3482
6.3254
6.3021
6.2785
6.2546
6.2303
6.2056
6.1807
6.1554
6.1298
6.1039
6.0777
6.0513
6.0246
5.9977
5.9705
5.9431
5.9155
5.8877
5.8597
5.8316
5.8033
5.7748
5.7462
5.7175
5.6887
5.6598
5.6309
5.6019
5.5728
5.5437
5.5146
5.4854
5.4563
5.4272
5.3981
5.3691
5.3402
5.3113
5.2825
5.2538
5.2252
5.1967
5.1684
5.1403
5.1123
5.0845
5.0569
5.0295
5.0023
4.9754
4.9487
4.9223
4.8961
4.8702
4.8446
4.8193
4.7944
4.7697
4.7454
4.7215
4.6979
4.6746
4.6518
4.6294
4.6073
4.5857
4.5644
4.5436
4.5233
4.5034
4.4839
4.4649
4.4464
4.4283
4.4108
4.3937
4.3771
4.3610
4.3455
4.3304
4.3159
4.3019
4.2884
4.2755
4.2631
4.2512
4.2399
4.2292
4.2190
4.2093
4.2003
4.1918
4.1838
4.1764
4.1696
4.1634
4.1577
4.1526
4.1481
4.1441
4.1407
4.1379
4.1357
4.1340
4.1329
4.1324
4.1325
4.1331
4.1342
4.1360
4.1383
4.1411
4.1445
4.1485
4.1529
4.1580
4.1636
4.1697
4.1763
4.1835
4.1912
4.1994
4.2081
4.2173
4.2271
4.2373
4.2480
4.2592
4.2709
4.2830
4.2956
4.3087
4.3223
4.3362
4.3507
4.3655
4.3808
4.3965
4.4126
4.4291
4.4460
4.4633
4.4810
4.4991
4.5175
4.5363
4.5555
4.5750
4.5948
4.6149
4.6354
4.6562
4.6773
4.6987
4.7203
4.7423
4.7645
4.7870
4.8097
4.8327
4.8559
4.8793
4.9030
4.9268
4.9509
4.9752
4.9996
5.0242
5.0490
5.0739
5.0990
5.1242
5.1496
5.1750
5.2006
5.2263
5.2521
5.2780
5.3039
5.3299
5.3560
5.3821
5.4083
5.4344
5.4607
5.4869
5.5131
5.5393
5.5656
5.5917
5.6179
5.6440
5.6701
5.6961
5.7220
5.7479
5.7737
5.7994
5.8250
5.8504
5.8758
5.9010
5.9261
5.9510
5.9758
6.0004
6.0248
6.0491
6.0732
6.0970
6.1207
6.1441
6.1673
6.1903
6.2130
6.2355
6.2577
6.2797
6.3013
6.3227
6.3438
6.3646
6.3851
6.4052
6.4250
6.4445
6.4637
6.4825
6.5009
6.5190
6.5367
6.5540
6.5709
6.5874
6.6035
6.6192
6.6345
6.6493
6.6638
6.6777
6.6913
6.7044
6.7170
6.7291
6.7408
6.7520
6.7627
6.7729
6.7827
6.7919
6.8006
6.8088
6.8165
6.8237
6.8303
6.8364
6.8420
6.8471
6.8515
6.8555
6.8589
6.8617
6.8640
6.8658
6.8669
6.8675
6.8676
6.8671
6.8660
6.8643
6.8621
6.8593
6.8559
6.8519
6.8474
6.8423
6.8366
6.8304
6.8236
6.8162
6.8082
6.7997
6.7907
6.7810
6.7708
6.7601
6.7488
6.7369
6.7245
6.7116
6.6981
6.6841
6.6696
6.6545
6.6390
6.6229
6.6063
6.5892
6.5717
6.5536
6.5351
6.5161
6.4966
6.4767
6.4564
6.4356
6.4143
6.3927
6.3706
6.3482
6.3254
6.3021
6.2785
6.2546
6.2303
6.2056
6.1807
6.1554
6.1298
6.1039
6.0777
6.0513
6.0246
5.9977
5.9705
5.9431
5.9155
5.8877
5.8597
5.8316
5.8033
5.7748
5.7462
5.7175
5.6887
5.6598
5.6309
5.6019
5.5728
5.5437
5.5146
5.4854
5.4563
5.4272
5.3981
5.3691
5.3402
5.3113
5.2825
5.2538
5.2252
5.1967
5.1684
5.1403
5.1123
5.0845
5.0569
5.0295
5.0023
4.9754
4.9487
4.9223
4.8961
4.8702
4.8446
4.8193
4.7944
4.7697
4.7454
4.7215
4.6979
4.6746
4.6518
4.6294
4.6073
4.5857
4.5644
4.5436
4.5233
4.5034
4.4839
4.4649
4.4464
4.4283
4.4108
4.3937
4.3771
4.3610
4.3455
4.3304
4.3159
4.3019
4.2884
4.2755
4.2631
4.2512
4.2399
4.2292
4.2190
4.2093
4.2003
4.1918
4.1838
4.1764
4.1696
4.1634
4.1577
4.1526
4.1481
4.1441
4.1407
4.1379
4.1357
4.1340
4.1329
4.1324
4.1325
4.1331
4.1342
4.1360
4.1383
4.1411
4.1445
4.1485
4.1529
4.1580
4.1636
4.1697
4.1763
4.1835
4.1912
4.1994
4.2081
4.2173
4.2271
4.2373
4.2480
4.2592
4.2709
4.2830
4.2956
4.3087
4.3223
4.3362
4.3507
4.3655
4.3808
4.3965
4.4126
4.4291
4.4460
4.4633
4.4810
4.4991
4.5175
4.5363
4.5555
4.5750
4.5948
4.6149
4.6354
4.6562
4.6773
4.6987
4.7203
4.7423
4.7645
4.7870
4.8097
4.8327
4.8559
4.8793
4.9030
4.9268
4.9509
4.9752
4.9996
5.0242
5.0490
5.0739
5.0990
5.1242
5.1496
5.1750
5.2006
5.2263
5.2521
5.2780
5.3039
5.3299
5.3560
5.3821
5.4083
5.4344
5.4607
5.4869
5.5131
5.5393
5.5656
5.5917
5.6179
5.6440
5.6701
5.6961
5.7220
5.7479
5.7737
5.7994
5.8250
5.8504
5.8758
5.9010
5.9261
5.9510
5.9758
6.0004
6.0248
6.0491
6.0732
6.0970
6.1207
6.1441
6.1673
6.1903
6.2130
6.2355
6.2577
6.2797
6.3013
6.3227
6.3438
6.3646
6.3851
6.4052
6.4250
6.4445
6.4637
6.4825
6.5009
6.5190
6.5367
6.5540
6.5709
6.5874
6.6035
6.6192
6.6345
6.6493
6.6638
6.6777
6.6913
6.7044
6.7170
6.7291
6.7408
6.7520
6.7627
6.7729
6.7827
6.7919
6.8006
6.8088
6.8165
6.8237
6.8303
6.8364
6.8420
6.8471
6.8515
6.8555
6.8589
6.8617
6.8640
6.8658
6.8669
6.8675
6.8676
6.8671
6.8660
6.8643
6.8621
6.8593
6.8559
6.8519
6.8474
6.8423
6.8366
6.8304
6.8236
6.8162
6.8082
6.7997
6.7907
6.7810
6.7708
6.7601
6.7488
6.7369
6.7245
6.7116
6.6981
6.6841
6.6696
6.6545
6.6390
6.6229
6.6063
6.5892
6.5717
6.5536
6.5351
6.5161
6.4966
6.4767
6.4564
6.4356
6.4143
6.3927
6.3706
6.3482
6.3254
6.3021
6.2785
6.2546
6.2303
6.2056
6.1807
6.1554
6.1298
6.1039
6.0777
6.0513
6.0246
5.9977
5.9705
5.9431
5.9155
5.8877
5.8597
5.8316
5.8033
5.7748
5.7462
5.7175
5.6887
5.6598
5.6309
5.6019
5.5728
5.5437
5.5146
5.4854
5.4563
5.4272
5.3981
5.3691
5.3402
5.3113
5.2825
5.2538
5.2252
5.1967
5.1684
5.1403
5.1123
5.0845
5.0569
5.0295
5.0023
4.9754
4.9487
4.9223
4.8961
4.8702
4.8446
4.8193
4.7944
4.7697
4.7454
4.7215
4.6979
4.6746
4.6518
4.6294
4.6073
4.5857
4.5644
4.5436
4.5233
4.5034
4.4839
4.4649
4.4464
4.4283
4.4108
4.3937
4.3771
4.3610
4.3455
4.3304
4.3159
4.3019
4.2884
4.2755
4.2631
4.2512
4.2399
4.2292
4.2190
4.2093
4.2003
4.1918
4.1838
4.1764
4.1696
4.1634
4.1577
4.1526
4.1481
4.1441
4.1407
4.1379
4.1357
4.1340
4.1329
4.1324
4.1325
4.1331
4.1342
4.1360
4.1383
4.1411
4.1445
4.1485
4.1529
4.1580
4.1636
4.1697
4.1763
4.1835
4.1912
4.1994
4.2081
4.2173
4.2271
4.2373
4.2480
4.2592
4.2709
4.2830
4.2956
4.3087
4.3223
4.3362
4.3507
4.3655
4.3808
4.3965
4.4126
4.4291
4.4460
4.4633
4.4810
4.4991
4.5175
4.5363
4.5555
4.5750
4.5948
4.6149
4.6354
4.6562
4.6773
4.6987
4.7203
4.7423
4.7645
4.7870
4.8097
4.8327
4.8559
4.8793
4.9030
4.9268
4.9509
4.9752
4.9996
5.0242
5.0490
5.0739
5.0990
5.1242
5.1496
5.1750
5.2006
5.2263
5.2521
5.2780
5.3039
5.3299
5.3560
5.3821
5.4083
5.4344
5.4607
5.4869
5.5131
5.5393
5.5656
5.5917
5.6179
5.6440
5.6701
5.6961
5.7220
5.7479
5.7737
5.7994
5.8250
5.8504
5.8758
5.9010
5.9261
5.9510
5.9758
6.0004
6.0248
6.0491
6.0732
6.0970
6.1207
6.1441
6.1673
6.1903
6.2130
6.2355
6.2577
6.2797
6.3013
6.3227
6.3438
6.3646
6.3851
6.4052
6.4250
6.4445
6.4637
6.4825
6.5009
6.5190
6.5367
6.5540
6.5709
6.5874
6.6035
6.6192
6.6345
6.6493
6.6638
6.6777
6.6913
6.7044
6.7170
6.7291
6.7408
6.7520
6.7627
6.7729
6.7827
6.7919
6.8006
6.8088
6.8165
6.8237
6.8303
6.8364
6.8420
6.8471
6.8515
6.8555
6.8589
6.8617
6.8640
6.8658
6.8669
6.8675
6.8676
6.8671
6.8660
6.8643
6.8621
6.8593
6.8559
6.8519
6.8474
6.8423
6.8366
6.8304
6.8236
6.8162
6.8082
6.7997
6.7907
6.7810
6.7708
6.7601
6.7488
6.7369
6.7245
6.7116
6.6981
6.6841
6.6696
6.6545
6.6390
6.6229
6.6063
6.5892
6.5717
6.5536
6.5351
6.5161
6.4966
6.4767
6.4564
6.4356
6.4143
6.3927
6.3706
6.3482
6.3254
6.3021
6.2785
6.2546
6.2303
6.2056
6.1807
6.1554
6.1298
6.1039
6.0777
6.0513
6.0246
5.9977
5.9705
5.9431
5.9155
5.8877
5.8597
5.8316
5.8033
5.7748
5.7462
5.7175
5.6887
5.6598
5.6309
5.6019
5.5728
5.5437
5.5146
5.4854
5.4563
5.4272
5.3981
5.3691
5.3402
5.3113
5.2825
5.2538
5.2252
5.1967
5.1684
5.1403
5.1123
5.0845
5.0569
5.0295
5.0023
4.9754
4.9487
4.9223
4.8961
4.8702
4.8446
4.8193
4.7944
4.7697
4.7454
4.7215
4.6979
4.6746
4.6518
4.6294
4.6073
4.5857
4.5644
4.5436
4.5233
4.5034
4.4839
4.4649
4.4464
4.4283
4.4108
4.3937
4.3771
4.3610
4.3455
4.3304
4.3159
4.3019
4.2884
4.2755
4.2631
4.2512
4.2399
4.2292
4.2190
4.2093
4.2003
4.1918
4.1838
4.1764
4.1696
4.1634
4.1577
4.1526
4.1481
4.1441
4.1407
4.1379
4.1357
4.1340
4.1329
4.1324
4.1325
4.1331
4.1342
4.1360
4.1383
4.1411
4.1445
4.1485
4.1529
4.1580
4.1636
4.1697
4.1763
4.1835
4.1912
4.1994
4.2081
4.2173
4.2271
4.2373
4.2480
4.2592
4.2709
4.2830
4.2956
4.3087
4.3223
4.3362
4.3507
4.3655
4.3808
4.3965
4.4126
4.4291
4.4460
4.4633
4.4810
4.4991
4.5175
4.5363
4.5555
4.5750
4.5948
4.6149
4.6354
4.6562
4.6773
4.6987
4.7203
4.7423
4.7645
4.7870
4.8097
4.8327
4.8559
4.8793
4.9030
4.9268
4.9509
4.9752
4.9996
5.0242
5.0490
5.0739
5.0990
5.1242
5.1496
5.1750
5.2006
5.2263
5.2521
5.2780
5.3039
5.3299
5.3560
5.3821
5.4083
5.4344
5.4607
5.4869
5.5131
5.5393
5.5656
5.5917
5.6179
5.6440
5.6701
5.6961
5.7220
5.7479
5.7737
5.7994
5.8250
5.8504
5.8758
5.9010
5.9261
5.9510
5.9758
6.0004
6.0248
6.0491
6.0732
6.0970
6.1207
6.1441
6.1673
6.1903
6.2130
6.2355
6.2577
6.2797
6.3013
6.3227
6.3438
6.3646
6.3851
6.4052
6.4250
6.4445
6.4637
6.4825
6.5009
6.5190
6.5367
6.5540
6.5709
6.5874
6.6035
6.6192
6.6345
6.6493
6.6638
6.6777
6.6913
6.7044
6.7170
6.7291
6.7408
6.7520
6.7627
6.7729
6.7827
6.7919
6.8006
6.8088
6.8165
6.8237
6.8303
6.8364
6.8420
6.8471
6.8515
6.8555
6.8589
6.8617
6.8640
6.8658
6.8669
6.8675
6.8676
6.8671
6.8660
6.8643
6.8621
6.8593
6.8559
6.8519
6.8474
6.8423
6.8366
6.8304
6.8236
6.8162
6.8082
6.7997
6.7907
6.7810
6.7708
6.7601
6.7488
6.7369
6.7245
6.7116
6.6981
6.6841
6.6696
6.6545
6.6390
6.6229
6.6063
6.5892
6.5717
6.5536
6.5351
6.5161
6.4966
6.4767
6.4564
6.4356
6.4143
6.3927
6.3706
6.3482
6.3254
6.3021
6.2785
6.2546
6.2303
6.2056
6.1807
6.1554
6.1298
6.1039
6.0777
6.0513
6.0246
5.9977
5.9705
5.9431
5.9155
5.8877
5.8597
5.8316
5.8033
5.7748
5.7462
5.7175
5.6887
5.6598
5.6309
5.6019
5.5728
5.5437
5.5146
5.4854
5.4563
5.4272
5.3981
5.3691
5.3402
5.3113
5.2825
5.2538
5.2252
5.1967
5.1684
5.1403
5.1123
5.0845
5.0569
5.0295
5.0023
4.9754
4.9487
4.9223
4.8961
4.8702
4.8446
4.8193
4.7944
4.7697
4.7454
4.7215
4.6979
4.6746
4.6518
4.6294
4.6073
4.5857
4.5644
4.5436
4.5233
4.5034
4.4839
4.4649
4.4464
4.4283
4.4108
4.3937
4.3771
4.3610
4.3455
4.3304
4.3159
4.3019
4.2884
4.2755
4.2631
4.2512
4.2399
4.2292
4.2190
4.2093
4.2003
4.1918
4.1838
4.1764
4.1696
4.1634
4.1577
4.1526
4.1481
4.1441
4.1407
4.1379
4.1357
4.1340
4.1329
4.1324
4.1325
4.1331
4.1342
4.1360
4.1383
4.1411
4.1445
4.1485
4.1529
4.1580
4.1636
4.1697
4.1763
4.1835
4.1912
4.1994
4.2081
4.2173
4.2271
4.2373
4.2480
4.2592
4.2709
4.2830
4.2956
4.3087
4.3223
4.3362
4.3507
4.3655
4.3808
4.3965
4.4126
4.4291
4.4460
4.4633
4.4810
4.4991
4.5175
4.5363
4.5555
4.5750
4.5948
4.6149
4.6354
4.6562
4.6773
4.6987
4.7203
4.7423
4.7645
4.7870
4.8097
4.8327
4.8559
4.8793
4.9030
4.9268
4.9509
4.9752
4.9996
5.0242
5.0490
5.0739
5.0990
5.1242
5.1496
5.1750
5.2006
5.2263
5.2521
5.2780
5.3039
5.3299
5.3560
5.3821
5.4083
5.4344
5.4607
5.4869
5.5131
5.5393
5.5656
5.5917
5.6179
5.6440
5.6701
5.6961
5.7220
5.7479
5.7737
5.7994
5.8250
5.8504
5.8758
5.9010
5.9261
5.9510
5.9758
6.0004
6.0248
6.0491
6.0732
6.0970
6.1207
6.1441
6.1673
6.1903
6.2130
6.2355
6.2577
6.2797
6.3013
6.3227
6.3438
6.3646
6.3851
6.4052
6.4250
6.4445
6.4637
6.4825
6.5009
6.5190
6.5367
6.5540
6.5709
6.5874
6.6035
6.6192
6.6345
6.6493
6.6638
6.6777
6.6913
6.7044
6.7170
6.7291
6.7408
6.7520
6.7627
6.7729
6.7827
6.7919
6.8006
6.8088
6.8165
6.8237
6.8303
6.8364
6.8420
6.8471
6.8515
6.8555
6.8589
6.8617
6.8640
6.8658
6.8669
6.8675
6.8676
6.8671
6.8660
6.8643
6.8621
6.8593
6.8559
6.8519
6.8474
6.8423
6.8366
6.8304
6.8236
6.8162
6.8082
6.7997
6.7907
6.7810
6.7708
6.7601
6.7488
6.7369
6.7245
6.7116
6.6981
6.6841
6.6696
6.6545
6.6390
6.6229
6.6063
6.5892
6.5717
6.5536
6.5351
6.5161
6.4966
6.4767
6.4564
6.4356
6.4143
6.3927
6.3706
6.3482
6.3254
6.3021
6.2785
6.2546
6.2303
6.2056
6.1807
6.1554
6.1298
6.1039
6.0777
6.0513
6.0246
5.9977
5.9705
5.9431
5.9155
5.8877
5.8597
5.8316
5.8033
5.7748
5.7462
5.7175
5.6887
5.6598
5.6309
5.6019
5.5728
5.5437
5.5146
5.4854
5.4563
5.4272
5.3981
5.3691
5.3402
5.3113
5.2825
5.2538
5.2252
5.1967
5.1684
5.1403
5.1123
5.0845
5.0569
5.0295
5.0023
4.9754
4.9487
4.9223
4.8961
4.8702
4.8446
4.8193
4.7944
4.7697
4.7454
4.7215
4.6979
4.6746
4.6518
4.6294
4.6073
4.5857
4.5644
4.5436
4.5233
4.5034
4.4839
4.4649
4.4464
4.4283
4.4108
4.3937
4.3771
4.3610
4.3455
4.3304
4.3159
4.3019
4.2884
4.2755
4.2631
4.2512
4.2399
4.2292
4.2190
4.2093
4.2003
4.1918
4.1838
4.1764
4.1696
4.1634
4.1577
4.1526
4.1481
4.1441
4.1407
4.1379
4.1357
4.1340
4.1329
4.1324
4.1325
4.1331
4.1342
4.1360
4.1383
4.1411
4.1445
4.1485
4.1529
4.1580
4.1636
4.1697
4.1763
4.1835
4.1912
4.1994
4.2081
4.2173
4.2271
4.2373
4.2480
4.2592
4.2709
4.2830
4.2956
4.3087
4.3223
4.3362
4.3507
4.3655
4.3808
4.3965
4.4126
4.4291
4.4460
4.4633
4.4810
4.4991
4.5175
4.5363
4.5555
4.5750
4.5948
4.6149
4.6354
4.6562
4.6773
4.6987
4.7203
4.7423
4.7645
4.7870
4.8097
4.8327
4.8559
4.8793
4.9030
4.9268
4.9509
4.9752
4.9996
5.0242
5.0490
5.0739
5.0990
5.1242
5.1496
5.1750
5.2006
5.2263
5.2521
5.2780
5.3039
5.3299
5.3560
5.3821
5.4083
5.4344
5.4607
5.4869
5.5131
5.5393
5.5656
5.5917
5.6179
5.6440
5.6701
5.6961
5.7220
5.7479
5.7737
5.7994
5.8250
5.8504
5.8758
5.9010
5.9261
5.9510
5.9758
6.0004
6.0248
6.0491
6.0732
6.0970
6.1207
6.1441
6.1673
6.1903
6.2130
6.2355
6.2577
6.2797
6.3013
6.3227
6.3438
6.3646
6.3851
6.4052
6.4250
6.4445
6.4637
6.4825
6.5009
6.5190
6.5367
6.5540
6.5709
6.5874
6.6035
6.6192
6.6345
6.6493
6.6638
6.6777
6.6913
6.7044
6.7170
6.7291
6.7408
6.7520
6.7627
6.7729
6.7827
6.7919
6.8006
6.8088
6.8165
6.8237
6.8303
6.8364
6.8420
6.8471
6.8515
6.8555
6.8589
6.8617
6.8640
6.8658
6.8669
6.8675
6.8676
6.8671
6.8660
6.8643
6.8621
6.8593
6.8559
6.8519
6.8474
6.8423
6.8366
6.8304
6.8236
6.8162
6.8082
6.7997
6.7907
6.7810
6.7708
6.7601
6.7488
6.7369
6.7245
6.7116
6.6981
6.6841
6.6696
6.6545
6.6390
6.6229
6.6063
6.5892
6.5717
6.5536
6.5351
6.5161
6.4966
6.4767
6.4564
6.4356
6.4143
6.3927
6.3706
6.3482
6.3254
6.3021
6.2785
6.2546
6.2303
6.2056
6.1807
6.1554
6.1298
6.1039
6.0777
6.0513
6.0246
5.9977
5.9705
5.9431
5.9155
5.8877
5.8597
5.8316
5.8033
5.7748
5.7462
5.7175
5.6887
5.6598
5.6309
5.6019
5.5728
5.5437
5.5146
5.4854
5.4563
5.4272
5.3981
5.3691
5.3402
5.3113
5.2825
5.2538
5.2252
5.1967
5.1684
5.1403
5.1123
5.0845
5.0569
5.0295
5.0023
4.9754
4.9487
4.9223
4.8961
4.8702
4.8446
4.8193
4.7944
4.7697
4.7454
4.7215
4.6979
4.6746
4.6518
4.6294
4.6073
4.5857
4.5644
4.5436
4.5233
4.5034
4.4839
4.4649
4.4464
4.4283
4.4108
4.3937
4.3771
4.3610
4.3455
4.3304
4.3159
4.3019
4.2884
4.2755
4.2631
4.2512
4.2399
4.2292
4.2190
4.2093
4.2003
4.1918
4.1838
4.1764
4.1696
4.1634
4.1577
4.1526
4.1481
4.1441
4.1407
4.1379
4.1357
4.1340
4.1329
4.1324
4.1325
4.1331
4.1342
4.1360
4.1383
4.1411
4.1445
4.1485
4.1529
4.1580
4.1636
4.1697
4.1763
4.1835
4.1912
4.1994
4.2081
4.2173
4.2271
4.2373
4.2480
4.2592
4.2709
4.2830
4.2956
4.3087
4.3223
4.3362
4.3507
4.3655
4.3808
4.3965
4.4126
4.4291
4.4460
4.4633
4.4810
4.4991
4.5175
4.5363
4.5555
4.5750
4.5948
4.6149
4.6354
4.6562
4.6773
4.6987
4.7203
4.7423
4.7645
4.7870
4.8097
4.8327
4.8559
4.8793
4.9030
4.9268
4.9509
4.9752
4.9996
5.0242
5.0490
5.0739
5.0990
5.1242
5.1496
5.1750
5.2006
5.2263
5.2521
5.2780
5.3039
5.3299
5.3560
5.3821
5.4083
5.4344
5.4607
5.4869
5.5131
5.5393
5.5656
5.5917
5.6179
5.6440
5.6701
5.6961
5.7220
5.7479
5.7737
5.7994
5.8250
5.8504
5.8758
5.9010
5.9261
5.9510
5.9758
6.0004
6.0248
6.0491
6.0732
6.0970
6.1207
6.1441
6.1673
6.1903
6.2130
6.2355
6.2577
6.2797
6.3013
6.3227
6.3438
6.3646
6.3851
6.4052
6.4250
6.4445
6.4637
6.4825
6.5009
6.5190
6.5367
6.5540
6.5709
6.5874
6.6035
6.6192
6.6345
6.6493
6.6638
6.6777
6.6913
6.7044
6.7170
6.7291
6.7408
6.7520
6.7627
6.7729
6.7827
6.7919
6.8006
6.8088
6.8165
6.8237
6.8303
6.8364
6.8420
6.8471
6.8515
6.8555
6.8589
6.8617
6.8640
6.8658
6.8669
6.8675
6.8676
6.8671
6.8660
6.8643
6.8621
6.8593
6.8559
6.8519
6.8474
6.8423
6.8366
6.8304
6.8236
6.8162
6.8082
6.7997
6.7907
6.7810
6.7708
6.7601
6.7488
6.7369
6.7245
6.7116
6.6981
6.6841
6.6696
6.6545
6.6390
6.6229
6.6063
6.5892
6.5717
6.5536
6.5351
6.5161
6.4966
6.4767
6.4564
6.4356
6.4143
6.3927
6.3706
6.3482
6.3254
6.3021
6.2785
6.2546
6.2303
6.2056
6.1807
6.1554
6.1298
6.1039
6.0777
6.0513
6.0246
5.9977
5.9705
5.9431
5.9155
5.8877
5.8597
5.8316
5.8033
5.7748
5.7462
5.7175
5.6887
5.6598
5.6309
5.6019
5.5728
5.5437
5.5146
5.4854
5.4563
5.4272
5.3981
5.3691
5.3402
5.3113
5.2825
5.2538
5.2252
5.1967
5.1684
5.1403
5.1123
5.0845
5.0569
5.0295
5.0023
4.9754
4.9487
4.9223
4.8961
4.8702
4.8446
4.8193
4.7944
4.7697
4.7454
4.7215
4.6979
4.6746
4.6518
4.6294
4.6073
4.5857
4.5644
4.5436
4.5233
4.5034
4.4839
4.4649
4.4464
4.4283
4.4108
4.3937
4.3771
4.3610
4.3455
4.3304
4.3159
4.3019
4.2884
4.2755
4.2631
4.2512
4.2399
4.2292
4.2190
4.2093
4.2003
4.1918
4.1838
4.1764
4.1696
4.1634
4.1577
4.1526
4.1481
4.1441
4.1407
4.1379
4.1357
4.1340
4.1329
4.1324
4.1325
4.1331
4.1342
4.1360
4.1383
4.1411
4.1445
4.1485
4.1529
4.1580
4.1636
4.1697
4.1763
4.1835
4.1912
4.1994
4.2081
4.2173
4.2271
4.2373
4.2480
4.2592
4.2709
4.2830
4.2956
4.3087
4.3223
4.3362
4.3507
4.3655
4.3808
4.3965
4.4126
4.4291
4.4460
4.4633
4.4810
4.4991
4.5175
4.5363
4.5555
4.5750
4.5948
4.6149
4.6354
4.6562
4.6773
4.6987
4.7203
4.7423
4.7645
4.7870
4.8097
4.8327
4.8559
4.8793
4.9030
4.9268
4.9509
4.9752
4.9996
5.0242
5.0490
5.0739
5.0990
5.1242
5.1496
5.1750
5.2006
5.2263
5.2521
5.2780
5.3039
5.3299
5.3560
5.3821
5.4083
5.4344
5.4607
5.4869
5.5131
5.5393
5.5656
5.5917
5.6179
5.6440
5.6701
5.6961
5.7220
5.7479
5.7737
5.7994
5.8250
5.8504
5.8758
5.9010
5.9261
5.9510
5.9758
6.0004
6.0248
6.0491
6.0732
6.0970
6.1207
6.1441
6.1673
6.1903
6.2130
6.2355
6.2577
6.2797
6.3013
6.3227
6.3438
6.3646
6.3851
6.4052
6.4250
6.4445
6.4637
6.4825
6.5009
6.5190
6.5367
6.5540
6.5709
6.5874
6.6035
6.6192
6.6345
6.6493
6.6638
6.6777
6.6913
6.7044
6.7170
6.7291
6.7408
6.7520
6.7627
6.7729
6.7827
6.7919
6.8006
6.8088
6.8165
6.8237
6.8303
6.8364
6.8420
6.8471
6.8515
6.8555
6.8589
6.8617
6.8640
6.8658
6.8669
6.8675
6.8676
6.8671
6.8660
6.8643
6.8621
6.8593
6.8559
6.8519
6.8474
6.8423
6.8366
6.8304
6.8236
6.8162
6.8082
6.7997
6.7907
6.7810
6.7708
6.7601
6.7488
6.7369
6.7245
6.7116
6.6981
6.6841
6.6696
6.6545
6.6390
6.6229
6.6063
6.5892
6.5717
6.5536
6.5351
6.5161
6.4966
6.4767
6.4564
6.4356
6.4143
6.3927
6.3706
6.3482
6.3254
6.3021
6.2785
6.2546
6.2303
6.2056
6.1807
6.1554
6.1298
6.1039
6.0777
6.0513
6.0246
5.9977
5.9705
5.9431
5.9155
5.8877
5.8597
5.8316
5.8033
5.7748
5.7462
5.7175
5.6887
5.6598
5.6309
5.6019
5.5728
5.5437
5.5146
5.4854
5.4563
5.4272
5.3981
5.3691
5.3402
5.3113
5.2825
5.2538
5.2252
5.1967
5.1684
5.1403
5.1123
5.0845
5.0569
5.0295
5.0023
4.9754
4.9487
4.9223
4.8961
4.8702
4.8446
4.8193
4.7944
4.7697
4.7454
4.7215
4.6979
4.6746
4.6518
4.6294
4.6073
4.5857
4.5644
4.5436
4.5233
4.5034
4.4839
4.4649
4.4464
4.4283
4.4108
4.3937
4.3771
4.3610
4.3455
4.3304
4.3159
4.3019
4.2884
4.2755
4.2631
4.2512
4.2399
4.2292
4.2190
4.2093
4.2003
4.1918
4.1838
4.1764
4.1696
4.1634
4.1577
4.1526
4.1481
4.1441
4.1407
4.1379
4.1357
4.1340
4.1329
4.1324
4.1325
4.1331
4.1342
4.1360
4.1383
4.1411
4.1445
4.1485
4.1529
4.1580
4.1636
4.1697
4.1763
4.1835
4.1912
4.1994
4.2081
4.2173
4.2271
4.2373
4.2480
4.2592
4.2709
4.2830
4.2956
4.3087
4.3223
4.3362
4.3507
4.3655
4.3808
4.3965
4.4126
4.4291
4.4460
4.4633
4.4810
4.4991
4.5175
4.5363
4.5555
4.5750
4.5948
4.6149
4.6354
4.6562
4.6773
4.6987
4.7203
4.7423
4.7645
4.7870
4.8097
4.8327
4.8559
4.8793
4.9030
4.9268
4.9509
4.9752
4.9996
5.0242
5.0490
5.0739
5.0990
5.1242
5.1496
5.1750
5.2006
5.2263
5.2521
5.2780
5.3039
5.3299
5.3560
5.3821
5.4083
5.4344
5.4607
5.4869
5.5131
5.5393
5.5656
5.5917
5.6179
5.6440
5.6701
5.6961
5.7220
5.7479
5.7737
5.7994
5.8250
5.8504
5.8758
5.9010
5.9261
5.9510
5.9758
6.0004
6.0248
6.0491
6.0732
6.0970
6.1207
6.1441
6.1673
6.1903
6.2130
6.2355
6.2577
6.2797
6.3013
6.3227
6.3438
6.3646
6.3851
6.4052
6.4250
6.4445
6.4637
6.4825
6.5009
6.5190
6.5367
6.5540
6.5709
6.5874
6.6035
6.6192
6.6345
6.6493
6.6638
6.6777
6.6913
6.7044
6.7170
6.7291
6.7408
6.7520
6.7627
6.7729
6.7827
6.7919
6.8006
6.8088
6.8165
6.8237
6.8303
6.8364
6.8420
6.8471
6.8515
6.8555
6.8589
6.8617
6.8640
6.8658
6.8669
6.8675
6.8676
6.8671
6.8660
6.8643
6.8621
6.8593
6.8559
6.8519
6.8474
6.8423
6.8366
6.8304
6.8236
6.8162
6.8082
6.7997
6.7907
6.7810
6.7708
6.7601
6.7488
6.7369
6.7245
6.7116
6.6981
6.6841
6.6696
6.6545
6.6390
6.6229
6.6063
6.5892
6.5717
6.5536
6.5351
6.5161
6.4966
6.4767
6.4564
6.4356
6.4143
6.3927
6.3706
6.3482
6.3254
6.3021
6.2785
6.2546
6.2303
6.2056
6.1807
6.1554
6.1298
6.1039
6.0777
6.0513
6.0246
5.9977
5.9705
5.9431
5.9155
5.8877
5.8597
5.8316
5.8033
5.7748
5.7462
5.7175
5.6887
5.6598
5.6309
5.6019
5.5728
5.5437
5.5146
5.4854
5.4563
5.4272
5.3981
5.3691
5.3402
5.3113
5.2825
5.2538
5.2252
5.1967
5.1684
5.1403
5.1123
5.0845
5.0569
5.0295
5.0023
4.9754
4.9487
4.9223
4.8961
4.8702
4.8446
4.8193
4.7944
4.7697
4.7454
4.7215
4.6979
4.6746
4.6518
4.6294
4.6073
4.5857
4.5644
4.5436
4.5233
4.5034
4.4839
4.4649
4.4464
4.4283
4.4108
4.3937
4.3771
4.3610
4.3455
4.3304
4.3159
4.3019
4.2884
4.2755
4.2631
4.2512
4.2399
4.2292
4.2190
4.2093
4.2003
4.1918
4.1838
4.1764
4.1696
4.1634
4.1577
4.1526
4.1481
4.1441
4.1407
4.1379
4.1357
4.1340
4.1329
4.1324
4.1325
4.1331
4.1342
4.1360
4.1383
4.1411
4.1445
4.1485
4.1529
4.1580
4.1636
4.1697
4.1763
4.1835
4.1912
4.1994
4.2081
4.2173
4.2271
4.2373
4.2480
4.2592
4.2709
4.2830
4.2956
4.3087
4.3223
4.3362
4.3507
4.3655
4.3808
4.3965
4.4126
4.4291
4.4460
4.4633
4.4810
4.4991
4.5175
4.5363
4.5555
4.5750
4.5948
4.6149
4.6354
4.6562
4.6773
4.6987
4.7203
4.7423
4.7645
4.7870
4.8097
4.8327
4.8559
4.8793
4.9030
4.9268
4.9509
4.9752
4.9996
5.0242
5.0490
5.0739
5.0990
5.1242
5.1496
5.1750
5.2006
5.2263
5.2521
5.2780
5.3039
5.3299
5.3560
5.3821
5.4083
5.4344
5.4607
5.4869
5.5131
5.5393
5.5656
5.5917
5.6179
5.6440
5.6701
5.6961
5.7220
5.7479
5.7737
5.7994
5.8250
5.8504
5.8758
5.9010
5.9261
5.9510
5.9758
6.0004
6.0248
6.0491
6.0732
6.0970
6.1207
6.1441
6.1673
6.1903
6.2130
6.2355
6.2577
6.2797
6.3013
6.3227
6.3438
6.3646
6.3851
6.4052
6.4250
6.4445
6.4637
6.4825
6.5009
6.5190
6.5367
6.5540
6.5709
6.5874
6.6035
6.6192
6.6345
6.6493
6.6638
6.6777
6.6913
6.7044
6.7170
6.7291
6.7408
6.7520
6.7627
6.7729
6.7827
6.7919
6.8006
6.8088
6.8165
6.8237
6.8303
6.8364
6.8420
6.8471
6.8515
6.8555
6.8589
6.8617
6.8640
6.8658
6.8669
6.8675
6.8676
6.8671
6.8660
6.8643
6.8621
6.8593
6.8559
6.8519
6.8474
6.8423
6.8366
6.8304
6.8236
6.8162
6.8082
6.7997
6.7907
6.7810
6.7708
6.7601
6.7488
6.7369
6.7245
6.7116
6.6981
6.6841
6.6696
6.6545
6.6390
6.6229
6.6063
6.5892
6.5717
6.5536
6.5351
6.5161
6.4966
6.4767
6.4564
6.4356
6.4143
6.3927
6.3706
6.3482
6.3254
6.3021
6.2785
6.2546
6.2303
6.2056
6.1807
6.1554
6.1298
6.1039
6.0777
6.0513
6.0246
5.9977
5.9705
5.9431
5.9155
5.8877
5.8597
5.8316
5.8033
5.7748
5.7462
5.7175
5.6887
5.6598
5.6309
5.6019
5.5728
5.5437
5.5146
5.4854
5.4563
5.4272
5.3981
5.3691
5.3402
5.3113
5.2825
5.2538
5.2252
5.1967
5.1684
5.1403
5.1123
5.0845
5.0569
5.0295
5.0023
4.9754
4.9487
4.9223
4.8961
4.8702
4.8446
4.8193
4.7944
4.7697
4.7454
4.7215
4.6979
4.6746
4.6518
4.6294
4.6073
4.5857
4.5644
4.5436
4.5233
4.5034
4.4839
4.4649
4.4464
4.4283
4.4108
4.3937
4.3771
4.3610
4.3455
4.3304
4.3159
4.3019
4.2884
4.2755
4.2631
4.2512
4.2399
4.2292
4.2190
4.2093
4.2003
4.1918
4.1838
4.1764
4.1696
4.1634
4.1577
4.1526
4.1481
4.1441
4.1407
4.1379
4.1357
4.1340
4.1329
4.1324
4.1325
4.1331
4.1342
4.1360
4.1383
4.1411
4.1445
4.1485
4.1529
4.1580
4.1636
4.1697
4.1763
4.1835
4.1912
4.1994
4.2081
4.2173
4.2271
4.2373
4.2480
4.2592
4.2709
4.2830
4.2956
4.3087
4.3223
4.3362
4.3507
4.3655
4.3808
4.3965
4.4126
4.4291
4.4460
4.4633
4.4810
4.4991
4.5175
4.5363
4.5555
4.5750
4.5948
4.6149
4.6354
4.6562
4.6773
4.6987
4.7203
4.7423
4.7645
4.7870
4.8097
4.8327
4.8559
4.8793
4.9030
4.9268
4.9509
4.9752
4.9996
5.0242
5.0490
5.0739
5.0990
5.1242
5.1496
5.1750
5.2006
5.2263
5.2521
5.2780
5.3039
5.3299
5.3560
5.3821
5.4083
5.4344
5.4607
5.4869
5.5131
5.5393
5.5656
5.5917
5.6179
5.6440
5.6701
5.6961
5.7220
5.7479
5.7737
5.7994
5.8250
5.8504
5.8758
5.9010
5.9261
5.9510
5.9758
6.0004
6.0248
6.0491
6.0732
6.0970
6.1207
6.1441
6.1673
6.1903
6.2130
6.2355
6.2577
6.2797
6.3013
6.3227
6.3438
6.3646
6.3851
6.4052
6.4250
6.4445
6.4637
6.4825
6.5009
6.5190
6.5367
6.5540
6.5709
6.5874
6.6035
6.6192
6.6345
6.6493
6.6638
6.6777
6.6913
6.7044
6.7170
6.7291
6.7408
6.7520
6.7627
6.7729
6.7827
6.7919
6.8006
6.8088
6.8165
6.8237
6.8303
6.8364
6.8420
6.8471
6.8515
6.8555
6.8589
6.8617
6.8640
6.8658
6.8669
6.8675
6.8676
6.8671
6.8660
6.8643
6.8621
6.8593
6.8559
6.8519
6.8474
6.8423
6.8366
6.8304
6.8236
6.8162
6.8082
6.7997
6.7907
6.7810
6.7708
6.7601
6.7488
6.7369
6.7245
6.7116
6.6981
6.6841
6.6696
6.6545
6.6390
6.6229
6.6063
6.5892
6.5717
6.5536
6.5351
6.5161
6.4966
6.4767
6.4564
6.4356
6.4143
6.3927
6.3706
6.3482
6.3254
6.3021
6.2785
6.2546
6.2303
6.2056
6.1807
6.1554
6.1298
6.1039
6.0777
6.0513
6.0246
5.9977
5.9705
5.9431
5.9155
5.8877
5.8597
5.8316
5.8033
5.7748
5.7462
5.7175
5.6887
5.6598
5.6309
5.6019
5.5728
5.5437
5.5146
5.4854
5.4563
5.4272
5.3981
5.3691
5.3402
5.3113
5.2825
5.2538
5.2252
5.1967
5.1684
5.1403
5.1123
5.0845
5.0569
5.0295
5.0023
4.9754
4.9487
4.9223
4.8961
4.8702
4.8446
4.8193
4.7944
4.7697
4.7454
4.7215
4.6979
4.6746
4.6518
4.6294
4.6073
4.5857
4.5644
4.5436
4.5233
4.5034
4.4839
4.4649
4.4464
4.4283
4.4108
4.3937
4.3771
4.3610
4.3455
4.3304
4.3159
4.3019
4.2884
4.2755
4.2631
4.2512
4.2399
4.2292
4.2190
4.2093
4.2003
4.1918
4.1838
4.1764
4.1696
4.1634
4.1577
4.1526
4.1481
4.1441
4.1407
4.1379
4.1357
4.1340
4.1329
4.1324
4.1325
4.1331
4.1342
4.1360
4.1383
4.1411
4.1445
4.1485
4.1529
4.1580
4.1636
4.1697
4.1763
4.1835
4.1912
4.1994
4.2081
4.2173
4.2271
4.2373
4.2480
4.2592
4.2709
4.2830
4.2956
4.3087
4.3223
4.3362
4.3507
4.3655
4.3808
4.3965
4.4126
4.4291
4.4460
4.4633
4.4810
4.4991
4.5175
4.5363
4.5555
4.5750
4.5948
4.6149
4.6354
4.6562
4.6773
4.6987
4.7203
4.7423
4.7645
4.7870
4.8097
4.8327
4.8559
4.8793
4.9030
4.9268
4.9509
4.9752
4.9996
5.0242
5.0490
5.0739
5.0990
5.1242
5.1496
5.1750
5.2006
5.2263
5.2521
5.2780
5.3039
5.3299
5.3560
5.3821
5.4083
5.4344
5.4607
5.4869
5.5131
5.5393
5.5656
5.5917
5.6179
5.6440
5.6701
5.6961
5.7220
5.7479
5.7737
5.7994
5.8250
5.8504
5.8758
5.9010
5.9261
5.9510
5.9758
6.0004
6.0248
6.0491
6.0732
6.0970
6.1207
6.1441
6.1673
6.1903
6.2130
6.2355
6.2577
6.2797
6.3013
6.3227
6.3438
6.3646
6.3851
6.4052
6.4250
6.4445
6.4637
6.4825
6.5009
6.5190
6.5367
6.5540
6.5709
6.5874
6.6035
6.6192
6.6345
6.6493
6.6638
6.6777
6.6913
6.7044
6.7170
6.7291
6.7408
6.7520
6.7627
6.7729
6.7827
6.7919
6.8006
6.8088
6.8165
6.8237
6.8303
6.8364
6.8420
6.8471
6.8515
6.8555
6.8589
6.8617
6.8640
6.8658
6.8669
6.8675
6.8676
6.8671
6.8660
6.8643
6.8621
6.8593
6.8559
6.8519
6.8474
6.8423
6.8366
6.8304
6.8236
6.8162
6.8082
6.7997
6.7907
6.7810
6.7708
6.7601
6.7488
6.7369
6.7245
6.7116
6.6981
6.6841
6.6696
6.6545
6.6390
6.6229
6.6063
6.5892
6.5717
6.5536
6.5351
6.5161
6.4966
6.4767
6.4564
6.4356
6.4143
6.3927
6.3706
6.3482
6.3254
6.3021
6.2785
6.2546
6.2303
6.2056
6.1807
6.1554
6.1298
6.1039
6.0777
6.0513
6.0246
5.9977
5.9705
5.9431
5.9155
5.8877
5.8597
5.8316
5.8033
5.7748
5.7462
5.7175
5.6887
5.6598
5.6309
5.6019
5.5728
5.5437
5.5146
5.4854
5.4563
5.4272
5.3981
5.3691
5.3402
5.3113
5.2825
5.2538
5.2252
5.1967
5.1684
5.1403
5.1123
5.0845
5.0569
5.0295
5.0023
4.9754
4.9487
4.9223
4.8961
4.8702
4.8446
4.8193
4.7944
4.7697
4.7454
4.7215
4.6979
4.6746
4.6518
4.6294
4.6073
4.5857
4.5644
4.5436
4.5233
4.5034
4.4839
4.4649
4.4464
4.4283
4.4108
4.3937
4.3771
4.3610
4.3455
4.3304
4.3159
4.3019
4.2884
4.2755
4.2631
4.2512
4.2399
4.2292
4.2190
4.2093
4.2003
4.1918
4.1838
4.1764
4.1696
4.1634
4.1577
4.1526
4.1481
4.1441
4.1407
4.1379
4.1357
4.1340
4.1329
4.1324
4.1325
4.1331
4.1342
4.1360
4.1383
4.1411
4.1445
4.1485
4.1529
4.1580
4.1636
4.1697
4.1763
4.1835
4.1912
4.1994
4.2081
4.2173
4.2271
4.2373
4.2480
4.2592
4.2709
4.2830
4.2956
4.3087
4.3223
4.3362
4.3507
4.3655
4.3808
4.3965
4.4126
4.4291
4.4460
4.4633
4.4810
4.4991
4.5175
4.5363
4.5555
4.5750
4.5948
4.6149
4.6354
4.6562
4.6773
4.6987
4.7203
4.7423
4.7645
4.7870
4.8097
4.8327
4.8559
4.8793
4.9030
4.9268
4.9509
4.9752
4.9996
5.0242
5.0490
5.0739
5.0990
5.1242
5.1496
5.1750
5.2006
5.2263
5.2521
5.2780
5.3039
5.3299
5.3560
5.3821
5.4083
5.4344
5.4607
5.4869
5.5131
5.5393
5.5656
5.5917
5.6179
5.6440
5.6701
5.6961
5.7220
5.7479
5.7737
5.7994
5.8250
5.8504
5.8758
5.9010
5.9261
5.9510
5.9758
6.0004
6.0248
6.0491
6.0732
6.0970
6.1207
6.1441
6.1673
6.1903
6.2130
6.2355
6.2577
6.2797
6.3013
6.3227
6.3438
6.3646
6.3851
6.4052
6.4250
6.4445
6.4637
6.4825
6.5009
6.5190
6.5367
6.5540
6.5709
6.5874
6.6035
6.6192
6.6345
6.6493
6.6638
6.6777
6.6913
6.7044
6.7170
6.7291
6.7408
6.7520
6.7627
6.7729
6.7827
6.7919
6.8006
6.8088
6.8165
6.8237
6.8303
6.8364
6.8420
6.8471
6.8515
6.8555
6.8589
6.8617
6.8640
6.8658
6.8669
6.8675
6.8676
6.8671
6.8660
6.8643
6.8621
6.8593
6.8559
6.8519
6.8474
6.8423
6.8366
6.8304
6.8236
6.8162
6.8082
6.7997
6.7907
6.7810
6.7708
6.7601
6.7488
6.7369
6.7245
6.7116
6.6981
6.6841
6.6696
6.6545
6.6390
6.6229
6.6063
6.5892
6.5717
6.5536
6.5351
6.5161
6.4966
6.4767
6.4564
6.4356
6.4143
6.3927
6.3706
6.3482
6.3254
6.3021
6.2785
6.2546
6.2303
6.2056
6.1807
6.1554
6.1298
6.1039
6.0777
6.0513
6.0246
5.9977
5.9705
5.9431
5.9155
5.8877
5.8597
5.8316
5.8033
5.7748
5.7462
5.7175
5.6887
5.6598
5.6309
5.6019
5.5728
5.5437
5.5146
5.4854
5.4563
5.4272
5.3981
5.3691
5.3402
5.3113
5.2825
5.2538
5.2252
5.1967
5.1684
5.1403
5.1123
5.0845
5.0569
5.0295
5.0023
4.9754
4.9487
4.9223
4.8961
4.8702
4.8446
4.8193
4.7944
4.7697
4.7454
4.7215
4.6979
4.6746
4.6518
4.6294
4.6073
4.5857
4.5644
4.5436
4.5233
4.5034
4.4839
4.4649
4.4464
4.4283
4.4108
4.3937
4.3771
4.3610
4.3455
4.3304
4.3159
4.3019
4.2884
4.2755
4.2631
4.2512
4.2399
4.2292
4.2190
4.2093
4.2003
4.1918
4.1838
4.1764
4.1696
4.1634
4.1577
4.1526
4.1481
4.1441
4.1407
4.1379
4.1357
4.1340
4.1329
4.1324
4.1325
4.1331
4.1342
4.1360
4.1383
4.1411
4.1445
4.1485
4.1529
4.1580
4.1636
4.1697
4.1763
4.1835
4.1912
4.1994
4.2081
4.2173
4.2271
4.2373
4.2480
4.2592
4.2709
4.2830
4.2956
4.3087
4.3223
4.3362
4.3507
4.3655
4.3808
4.3965
4.4126
4.4291
4.4460
4.4633
4.4810
4.4991
4.5175
4.5363
4.5555
4.5750
4.5948
4.6149
4.6354
4.6562
4.6773
4.6987
4.7203
4.7423
4.7645
4.7870
4.8097
4.8327
4.8559
4.8793
4.9030
4.9268
4.9509
4.9752
4.9996
5.0242
5.0490
5.0739
5.0990
5.1242
5.1496
5.1750
5.2006
5.2263
5.2521
5.2780
5.3039
5.3299
5.3560
5.3821
5.4083
5.4344
5.4607
5.4869
5.5131
5.5393
5.5656
5.5917
5.6179
5.6440
5.6701
5.6961
5.7220
5.7479
5.7737
5.7994
5.8250
5.8504
5.8758
5.9010
5.9261
5.9510
5.9758
6.0004
6.0248
6.0491
6.0732
6.0970
6.1207
6.1441
6.1673
6.1903
6.2130
6.2355
6.2577
6.2797
6.3013
6.3227
6.3438
6.3646
6.3851
6.4052
6.4250
6.4445
6.4637
6.4825
6.5009
6.5190
6.5367
6.5540
6.5709
6.5874
6.6035
6.6192
6.6345
6.6493
6.6638
6.6777
6.6913
6.7044
6.7170
6.7291
6.7408
6.7520
6.7627
6.7729
6.7827
6.7919
6.8006
6.8088
6.8165
6.8237
6.8303
6.8364
6.8420
6.8471
6.8515
6.8555
6.8589
6.8617
6.8640
6.8658
6.8669
6.8675
6.8676
6.8671
6.8660
6.8643
6.8621
6.8593
6.8559
6.8519
6.8474
6.8423
6.8366
6.8304
6.8236
6.8162
6.8082
6.7997
6.7907
6.7810
6.7708
6.7601
6.7488
6.7369
6.7245
6.7116
6.6981
6.6841
6.6696
6.6545
6.6390
6.6229
6.6063
6.5892
6.5717
6.5536
6.5351
6.5161
6.4966
6.4767
6.4564
6.4356
6.4143
6.3927
6.3706
6.3482
6.3254
6.3021
6.2785
6.2546
6.2303
6.2056
6.1807
6.1554
6.1298
6.1039
6.0777
6.0513
6.0246
5.9977
5.9705
5.9431
5.9155
5.8877
5.8597
5.8316
5.8033
5.7748
5.7462
5.7175
5.6887
5.6598
5.6309
5.6019
5.5728
5.5437
5.5146
5.4854
5.4563
5.4272
5.3981
5.3691
5.3402
5.3113
5.2825
5.2538
5.2252
5.1967
5.1684
5.1403
5.1123
5.0845
5.0569
5.0295
5.0023
4.9754
4.9487
4.9223
4.8961
4.8702
4.8446
4.8193
4.7944
4.7697
4.7454
4.7215
4.6979
4.6746
4.6518
4.6294
4.6073
4.5857
4.5644
4.5436
4.5233
4.5034
4.4839
4.4649
4.4464
4.4283
4.4108
4.3937
4.3771
4.3610
4.3455
4.3304
4.3159
4.3019
4.2884
4.2755
4.2631
4.2512
4.2399
4.2292
4.2190
4.2093
4.2003
4.1918
4.1838
4.1764
4.1696
4.1634
4.1577
4.1526
4.1481
4.1441
4.1407
4.1379
4.1357
4.1340
4.1329
4.1324
4.1325
4.1331
4.1342
4.1360
4.1383
4.1411
4.1445
4.1485
4.1529
4.1580
4.1636
4.1697
4.1763
4.1835
4.1912
4.1994
4.2081
4.2173
4.2271
4.2373
4.2480
4.2592
4.2709
4.2830
4.2956
4.3087
4.3223
4.3362
4.3507
4.3655
4.3808
4.3965
4.4126
4.4291
4.4460
4.4633
4.4810
4.4991
4.5175
4.5363
4.5555
4.5750
4.5948
4.6149
4.6354
4.6562
4.6773
4.6987
4.7203
4.7423
4.7645
4.7870
4.8097
4.8327
4.8559
4.8793
4.9030
4.9268
4.9509
4.9752
4.9996
5.0242
5.0490
5.0739
5.0990
5.1242
5.1496
5.1750
5.2006
5.2263
5.2521
5.2780
5.3039
5.3299
5.3560
5.3821
5.4083
5.4344
5.4607
5.4869
5.5131
5.5393
5.5656
5.5917
5.6179
5.6440
5.6701
5.6961
5.7220
5.7479
5.7737
5.7994
5.8250
5.8504
5.8758
5.9010
5.9261
5.9510
5.9758
6.0004
6.0248
6.0491
6.0732
6.0970
6.1207
6.1441
6.1673
6.1903
6.2130
6.2355
6.2577
6.2797
6.3013
6.3227
6.3438
6.3646
6.3851
6.4052
6.4250
6.4445
6.4637
6.4825
6.5009
6.5190
6.5367
6.5540
6.5709
6.5874
6.6035
6.6192
6.6345
6.6493
6.6638
6.6777
6.6913
6.7044
6.7170
6.7291
6.7408
6.7520
6.7627
6.7729
6.7827
6.7919
6.8006
6.8088
6.8165
6.8237
6.8303
6.8364
6.8420
6.8471
6.8515
6.8555
6.8589
6.8617
6.8640
6.8658
6.8669
6.8675
6.8676
6.8671
6.8660
6.8643
6.8621
6.8593
6.8559
6.8519
6.8474
6.8423
6.8366
6.8304
6.8236
6.8162
6.8082
6.7997
6.7907
6.7810
6.7708
6.7601
6.7488
6.7369
6.7245
6.7116
6.6981
6.6841
6.6696
6.6545
6.6390
6.6229
6.6063
6.5892
6.5717
6.5536
6.5351
6.5161
6.4966
6.4767
6.4564
6.4356
6.4143
6.3927
6.3706
6.3482
6.3254
6.3021
6.2785
6.2546
6.2303
6.2056
6.1807
6.1554
6.1298
6.1039
6.0777
6.0513
6.0246
5.9977
5.9705
5.9431
5.9155
5.8877
5.8597
5.8316
5.8033
5.7748
5.7462
5.7175
5.6887
5.6598
5.6309
5.6019
5.5728
5.5437
5.5146
5.4854
5.4563
5.4272
5.3981
5.3691
5.3402
5.3113
5.2825
5.2538
5.2252
5.1967
5.1684
5.1403
5.1123
5.0845
5.0569
5.0295
5.0023
4.9754
4.9487
4.9223
4.8961
4.8702
4.8446
4.8193
4.7944
4.7697
4.7454
4.7215
4.6979
4.6746
4.6518
4.6294
4.6073
4.5857
4.5644
4.5436
4.5233
4.5034
4.4839
4.4649
4.4464
4.4283
4.4108
4.3937
4.3771
4.3610
4.3455
4.3304
4.3159
4.3019
4.2884
4.2755
4.2631
4.2512
4.2399
4.2292
4.2190
4.2093
4.2003
4.1918
4.1838
4.1764
4.1696
4.1634
4.1577
4.1526
4.1481
4.1441
4.1407
4.1379
4.1357
4.1340
4.1329
4.1324
4.1325
4.1331
4.1342
4.1360
4.1383
4.1411
4.1445
4.1485
4.1529
4.1580
4.1636
4.1697
4.1763
4.1835
4.1912
4.1994
4.2081
4.2173
4.2271
4.2373
4.2480
4.2592
4.2709
4.2830
4.2956
4.3087
4.3223
4.3362
4.3507
4.3655
4.3808
4.3965
4.4126
4.4291
4.4460
4.4633
4.4810
4.4991
4.5175
4.5363
4.5555
4.5750
4.5948
4.6149
4.6354
4.6562
4.6773
4.6987
4.7203
4.7423
4.7645
4.7870
4.8097
4.8327
4.8559
4.8793
4.9030
4.9268
4.9509
4.9752
4.9996
5.0242
5.0490
5.0739
5.0990
5.1242
5.1496
5.1750
5.2006
5.2263
5.2521
5.2780
5.3039
5.3299
5.3560
5.3821
5.4083
5.4344
5.4607
5.4869
5.5131
5.5393
5.5656
5.5917
5.6179
5.6440
5.6701
5.6961
5.7220
5.7479
5.7737
5.7994
5.8250
5.8504
5.8758
5.9010
5.9261
5.9510
5.9758
6.0004
6.0248
6.0491
6.0732
6.0970
6.1207
6.1441
6.1673
6.1903
6.2130
6.2355
6.2577
6.2797
6.3013
6.3227
6.3438
6.3646
6.3851
6.4052
6.4250
6.4445
6.4637
6.4825
6.5009
6.5190
6.5367
6.5540
6.5709
6.5874
6.6035
6.6192
6.6345
6.6493
6.6638
6.6777
6.6913
6.7044
6.7170
6.7291
6.7408
6.7520
6.7627
6.7729
6.7827
6.7919
6.8006
6.8088
6.8165
6.8237
6.8303
6.8364
6.8420
6.8471
6.8515
6.8555
6.8589
6.8617
6.8640
6.8658
6.8669
6.8675
6.8676
6.8671
6.8660
6.8643
6.8621
6.8593
6.8559
6.8519
6.8474
6.8423
6.8366
6.8304
6.8236
6.8162
6.8082
6.7997
6.7907
6.7810
6.7708
6.7601
6.7488
6.7369
6.7245
6.7116
6.6981
6.6841
6.6696
6.6545
6.6390
6.6229
6.6063
6.5892
6.5717
6.5536
6.5351
6.5161
6.4966
6.4767
6.4564
6.4356
6.4143
6.3927
6.3706
6.3482
6.3254
6.3021
6.2785
6.2546
6.2303
6.2056
6.1807
6.1554
6.1298
6.1039
6.0777
6.0513
6.0246
5.9977
5.9705
5.9431
5.9155
5.8877
5.8597
5.8316
5.8033
5.7748
5.7462
5.7175
5.6887
5.6598
5.6309
5.6019
5.5728
5.5437
5.5146
5.4854
5.4563
5.4272
5.3981
5.3691
5.3402
5.3113
5.2825
5.2538
5.2252
5.1967
5.1684
5.1403
5.1123
5.0845
5.0569
5.0295
5.0023
4.9754
4.9487
4.9223
4.8961
4.8702
4.8446
4.8193
4.7944
4.7697
4.7454
4.7215
4.6979
4.6746
4.6518
4.6294
4.6073
4.5857
4.5644
4.5436
4.5233
4.5034
4.4839
4.4649
4.4464
4.4283
4.4108
4.3937
4.3771
4.3610
4.3455
4.3304
4.3159
4.3019
4.2884
4.2755
4.2631
4.2512
4.2399
4.2292
4.2190
4.2093
4.2003
4.1918
4.1838
4.1764
4.1696
4.1634
4.1577
4.1526
4.1481
4.1441
4.1407
4.1379
4.1357
4.1340
4.1329
4.1324
4.1325
4.1331
4.1342
4.1360
4.1383
4.1411
4.1445
4.1485
4.1529
4.1580
4.1636
4.1697
4.1763
4.1835
4.1912
4.1994
4.2081
4.2173
4.2271
4.2373
4.2480
4.2592
4.2709
4.2830
4.2956
4.3087
4.3223
4.3362
4.3507
4.3655
4.3808
4.3965
4.4126
4.4291
4.4460
4.4633
4.4810
4.4991
4.5175
4.5363
4.5555
4.5750
4.5948
4.6149
4.6354
4.6562
4.6773
4.6987
4.7203
4.7423
4.7645
4.7870
4.8097
4.8327
4.8559
4.8793
4.9030
4.9268
4.9509
4.9752
4.9996
5.0242
5.0490
5.0739
5.0990
5.1242
5.1496
5.1750
5.2006
5.2263
5.2521
5.2780
5.3039
5.3299
5.3560
5.3821
5.4083
5.4344
5.4607
5.4869
5.5131
5.5393
5.5656
5.5917
5.6179
5.6440
5.6701
5.6961
5.7220
5.7479
5.7737
5.7994
5.8250
5.8504
5.8758
5.9010
5.9261
5.9510
5.9758
6.0004
6.0248
6.0491
6.0732
6.0970
6.1207
6.1441
6.1673
6.1903
6.2130
6.2355
6.2577
6.2797
6.3013
6.3227
6.3438
6.3646
6.3851
6.4052
6.4250
6.4445
6.4637
6.4825
6.5009
6.5190
6.5367
6.5540
6.5709
6.5874
6.6035
6.6192
6.6345
6.6493
6.6638
6.6777
6.6913
6.7044
6.7170
6.7291
6.7408
6.7520
6.7627
6.7729
6.7827
6.7919
6.8006
6.8088
6.8165
6.8237
6.8303
6.8364
6.8420
6.8471
6.8515
6.8555
6.8589
6.8617
6.8640
6.8658
6.8669
6.8675
6.8676
6.8671
6.8660
6.8643
6.8621
6.8593
6.8559
6.8519
6.8474
6.8423
6.8366
6.8304
6.8236
6.8162
6.8082
6.7997
6.7907
6.7810
6.7708
6.7601
6.7488
6.7369
6.7245
6.7116
6.6981
6.6841
6.6696
6.6545
6.6390
6.6229
6.6063
6.5892
6.5717
6.5536
6.5351
6.5161
6.4966
6.4767
6.4564
6.4356
6.4143
6.3927
6.3706
6.3482
6.3254
6.3021
6.2785
6.2546
6.2303
6.2056
6.1807
6.1554
6.1298
6.1039
6.0777
6.0513
6.0246
5.9977
5.9705
5.9431
5.9155
5.8877
5.8597
5.8316
5.8033
5.7748
5.7462
5.7175
5.6887
5.6598
5.6309
5.6019
5.5728
5.5437
5.5146
5.4854
5.4563
5.4272
5.3981
5.3691
5.3402
5.3113
5.2825
5.2538
5.2252
5.1967
5.1684
5.1403
5.1123
5.0845
5.0569
5.0295
5.0023
4.9754
4.9487
4.9223
4.8961
4.8702
4.8446
4.8193
4.7944
4.7697
4.7454
4.7215
4.6979
4.6746
4.6518
4.6294
4.6073
4.5857
4.5644
4.5436
4.5233
4.5034
4.4839
4.4649
4.4464
4.4283
4.4108
4.3937
4.3771
4.3610
4.3455
4.3304
4.3159
4.3019
4.2884
4.2755
4.2631
4.2512
4.2399
4.2292
4.2190
4.2093
4.2003
4.1918
4.1838
4.1764
4.1696
4.1634
4.1577
4.1526
4.1481
4.1441
4.1407
4.1379
4.1357
4.1340
4.1329
4.1324
4.1325
4.1331
4.1342
4.1360
4.1383
4.1411
4.1445
4.1485
4.1529
4.1580
4.1636
4.1697
4.1763
4.1835
4.1912
4.1994
4.2081
4.2173
4.2271
4.2373
4.2480
4.2592
4.2709
4.2830
4.2956
4.3087
4.3223
4.3362
4.3507
4.3655
4.3808
4.3965
4.4126
4.4291
4.4460
4.4633
4.4810
4.4991
4.5175
4.5363
4.5555
4.5750
4.5948
4.6149
4.6354
4.6562
4.6773
4.6987
4.7203
4.7423
4.7645
4.7870
4.8097
4.8327
4.8559
4.8793
4.9030
4.9268
4.9509
4.9752
4.9996
5.0242
5.0490
5.0739
5.0990
5.1242
5.1496
5.1750
5.2006
5.2263
5.2521
5.2780
5.3039
5.3299
5.3560
5.3821
5.4083
5.4344
5.4607
5.4869
5.5131
5.5393
5.5656
5.5917
5.6179
5.6440
5.6701
5.6961
5.7220
5.7479
5.7737
5.7994
5.8250
5.8504
5.8758
5.9010
5.9261
5.9510
5.9758
6.0004
6.0248
6.0491
6.0732
6.0970
6.1207
6.1441
6.1673
6.1903
6.2130
6.2355
6.2577
6.2797
6.3013
6.3227
6.3438
6.3646
6.3851
6.4052
6.4250
6.4445
6.4637
6.4825
6.5009
6.5190
6.5367
6.5540
6.5709
6.5874
6.6035
6.6192
6.6345
6.6493
6.6638
6.6777
6.6913
6.7044
6.7170
6.7291
6.7408
6.7520
6.7627
6.7729
6.7827
6.7919
6.8006
6.8088
6.8165
6.8237
6.8303
6.8364
6.8420
6.8471
6.8515
6.8555
6.8589
6.8617
6.8640
6.8658
6.8669
6.8675
6.8676
6.8671
6.8660
6.8643
6.8621
6.8593
6.8559
6.8519
6.8474
6.8423
6.8366
6.8304
6.8236
6.8162
6.8082
6.7997
6.7907
6.7810
6.7708
6.7601
6.7488
6.7369
6.7245
6.7116
6.6981
6.6841
6.6696
6.6545
6.6390
6.6229
6.6063
6.5892
6.5717
6.5536
6.5351
6.5161
6.4966
6.4767
6.4564
6.4356
6.4143
6.3927
6.3706
6.3482
6.3254
6.3021
6.2785
6.2546
6.2303
6.2056
6.1807
6.1554
6.1298
6.1039
6.0777
6.0513
6.0246
5.9977
5.9705
5.9431
5.9155
5.8877
5.8597
5.8316
5.8033
5.7748
5.7462
5.7175
5.6887
5.6598
5.6309
5.6019
5.5728
5.5437
5.5146
5.4854
5.4563
5.4272
5.3981
5.3691
5.3402
5.3113
5.2825
5.2538
5.2252
5.1967
5.1684
5.1403
5.1123
5.0845
5.0569
5.0295
5.0023
4.9754
4.9487
4.9223
4.8961
4.8702
4.8446
4.8193
4.7944
4.7697
4.7454
4.7215
4.6979
4.6746
4.6518
4.6294
4.6073
4.5857
4.5644
4.5436
4.5233
4.5034
4.4839
4.4649
4.4464
4.4283
4.4108
4.3937
4.3771
4.3610
4.3455
4.3304
4.3159
4.3019
4.2884
4.2755
4.2631
4.2512
4.2399
4.2292
4.2190
4.2093
4.2003
4.1918
4.1838
4.1764
4.1696
4.1634
4.1577
4.1526
4.1481
4.1441
4.1407
4.1379
4.1357
4.1340
4.1329
4.1324
4.1325
4.1331
4.1342
4.1360
4.1383
4.1411
4.1445
4.1485
4.1529
4.1580
4.1636
4.1697
4.1763
4.1835
4.1912
4.1994
4.2081
4.2173
4.2271
4.2373
4.2480
4.2592
4.2709
4.2830
4.2956
4.3087
4.3223
4.3362
4.3507
4.3655
4.3808
4.3965
4.4126
4.4291
4.4460
4.4633
4.4810
4.4991
4.5175
4.5363
4.5555
4.5750
4.5948
4.6149
4.6354
4.6562
4.6773
4.6987
4.7203
4.7423
4.7645
4.7870
4.8097
4.8327
4.8559
4.8793
4.9030
4.9268
4.9509
4.9752
4.9996
5.0242
5.0490
5.0739
5.0990
5.1242
5.1496
5.1750
5.2006
5.2263
5.2521
5.2780
5.3039
5.3299
5.3560
5.3821
5.4083
5.4344
5.4607
5.4869
5.5131
5.5393
5.5656
5.5917
5.6179
5.6440
5.6701
5.6961
5.7220
5.7479
5.7737
5.7994
5.8250
5.8504
5.8758
5.9010
5.9261
5.9510
5.9758
6.0004
6.0248
6.0491
6.0732
6.0970
6.1207
6.1441
6.1673
6.1903
6.2130
6.2355
6.2577
6.2797
6.3013
6.3227
6.3438
6.3646
6.3851
6.4052
6.4250
6.4445
6.4637
6.4825
6.5009
6.5190
6.5367
6.5540
6.5709
6.5874
6.6035
6.6192
6.6345
6.6493
6.6638
6.6777
6.6913
6.7044
6.7170
6.7291
6.7408
6.7520
6.7627
6.7729
6.7827
6.7919
6.8006
6.8088
6.8165
6.8237
6.8303
6.8364
6.8420
6.8471
6.8515
6.8555
6.8589
6.8617
6.8640
6.8658
6.8669
6.8675
6.8676
6.8671
6.8660
6.8643
6.8621
6.8593
6.8559
6.8519
6.8474
6.8423
6.8366
6.8304
6.8236
6.8162
6.8082
6.7997
6.7907
6.7810
6.7708
6.7601
6.7488
6.7369
6.7245
6.7116
6.6981
6.6841
6.6696
6.6545
6.6390
6.6229
6.6063
6.5892
6.5717
6.5536
6.5351
6.5161
6.4966
6.4767
6.4564
6.4356
6.4143
6.3927
6.3706
6.3482
6.3254
6.3021
6.2785
6.2546
6.2303
6.2056
6.1807
6.1554
6.1298
6.1039
6.0777
6.0513
6.0246
5.9977
5.9705
5.9431
5.9155
5.8877
5.8597
5.8316
5.8033
5.7748
5.7462
5.7175
5.6887
5.6598
5.6309
5.6019
5.5728
5.5437
5.5146
5.4854
5.4563
5.4272
5.3981
5.3691
5.3402
5.3113
5.2825
5.2538
5.2252
5.1967
5.1684
5.1403
5.1123
5.0845
5.0569
5.0295
5.0023
4.9754
4.9487
4.9223
4.8961
4.8702
4.8446
4.8193
4.7944
4.7697
4.7454
4.7215
4.6979
4.6746
4.6518
4.6294
4.6073
4.5857
4.5644
4.5436
4.5233
4.5034
4.4839
4.4649
4.4464
4.4283
4.4108
4.3937
4.3771
4.3610
4.3455
4.3304
4.3159
4.3019
4.2884
4.2755
4.2631
4.2512
4.2399
4.2292
4.2190
4.2093
4.2003
4.1918
4.1838
4.1764
4.1696
4.1634
4.1577
4.1526
4.1481
4.1441
4.1407
4.1379
4.1357
4.1340
4.1329
4.1324
4.1325
4.1331
4.1342
4.1360
4.1383
4.1411
4.1445
4.1485
4.1529
4.1580
4.1636
4.1697
4.1763
4.1835
4.1912
4.1994
4.2081
4.2173
4.2271
4.2373
4.2480
4.2592
4.2709
4.2830
4.2956
4.3087
4.3223
4.3362
4.3507
4.3655
4.3808
4.3965
4.4126
4.4291
4.4460
4.4633
4.4810
4.4991
4.5175
4.5363
4.5555
4.5750
4.5948
4.6149
4.6354
4.6562
4.6773
4.6987
4.7203
4.7423
4.7645
4.7870
4.8097
4.8327
4.8559
4.8793
4.9030
4.9268
4.9509
4.9752
4.9996
5.0242
5.0490
5.0739
5.0990
5.1242
5.1496
5.1750
5.2006
5.2263
5.2521
5.2780
5.3039
5.3299
5.3560
5.3821
5.4083
5.4344
5.4607
5.4869
5.5131
5.5393
5.5656
5.5917
5.6179
5.6440
5.6701
5.6961
5.7220
5.7479
5.7737
5.7994
5.8250
5.8504
5.8758
5.9010
5.9261
5.9510
5.9758
6.0004
6.0248
6.0491
6.0732
6.0970
6.1207
6.1441
6.1673
6.1903
6.2130
6.2355
6.2577
6.2797
6.3013
6.3227
6.3438
6.3646
6.3851
6.4052
6.4250
6.4445
6.4637
6.4825
6.5009
6.5190
6.5367
6.5540
6.5709
6.5874
6.6035
6.6192
6.6345
6.6493
6.6638
6.6777
6.6913
6.7044
6.7170
6.7291
6.7408
6.7520
6.7627
6.7729
6.7827
6.7919
6.8006
6.8088
6.8165
6.8237
6.8303
6.8364
6.8420
6.8471
6.8515
6.8555
6.8589
6.8617
6.8640
6.8658
6.8669
6.8675
6.8676
6.8671
6.8660
6.8643
6.8621
6.8593
6.8559
6.8519
6.8474
6.8423
6.8366
6.8304
6.8236
6.8162
6.8082
6.7997
6.7907
6.7810
6.7708
6.7601
6.7488
6.7369
6.7245
6.7116
6.6981
6.6841
6.6696
6.6545
6.6390
6.6229
6.6063
6.5892
6.5717
6.5536
6.5351
6.5161
6.4966
6.4767
6.4564
6.4356
6.4143
6.3927
6.3706
6.3482
6.3254
6.3021
6.2785
6.2546
6.2303
6.2056
6.1807
6.1554
6.1298
6.1039
6.0777
6.0513
6.0246
5.9977
5.9705
5.9431
5.9155
5.8877
5.8597
5.8316
5.8033
5.7748
5.7462
5.7175
5.6887
5.6598
5.6309
5.6019
5.5728
5.5437
5.5146
5.4854
5.4563
5.4272
5.3981
5.3691
5.3402
5.3113
5.2825
5.2538
5.2252
5.1967
5.1684
5.1403
5.1123
5.0845
5.0569
5.0295
5.0023
4.9754
4.9487
4.9223
4.8961
4.8702
4.8446
4.8193
4.7944
4.7697
4.7454
4.7215
4.6979
4.6746
4.6518
4.6294
4.6073
4.5857
4.5644
4.5436
4.5233
4.5034
4.4839
4.4649
4.4464
4.4283
4.4108
4.3937
4.3771
4.3610
4.3455
4.3304
4.3159
4.3019
4.2884
4.2755
4.2631
4.2512
4.2399
4.2292
4.2190
4.2093
4.2003
4.1918
4.1838
4.1764
4.1696
4.1634
4.1577
4.1526
4.1481
4.1441
4.1407
4.1379
4.1357
4.1340
4.1329
4.1324
4.1325
4.1331
4.1342
4.1360
4.1383
4.1411
4.1445
4.1485
4.1529
4.1580
4.1636
4.1697
4.1763
4.1835
4.1912
4.1994
4.2081
4.2173
4.2271
4.2373
4.2480
4.2592
4.2709
4.2830
4.2956
4.3087
4.3223
4.3362
4.3507
4.3655
4.3808
4.3965
4.4126
4.4291
4.4460
4.4633
4.4810
4.4991
4.5175
4.5363
4.5555
4.5750
4.5948
4.6149
4.6354
4.6562
4.6773
4.6987
4.7203
4.7423
4.7645
4.7870
4.8097
4.8327
4.8559
4.8793
4.9030
4.9268
4.9509
4.9752
4.9996
5.0242
5.0490
5.0739
5.0990
5.1242
5.1496
5.1750
5.2006
5.2263
5.2521
5.2780
5.3039
5.3299
5.3560
5.3821
5.4083
5.4344
5.4607
5.4869
5.5131
5.5393
5.5656
5.5917
5.6179
5.6440
5.6701
5.6961
5.7220
5.7479
5.7737
5.7994
5.8250
5.8504
5.8758
5.9010
5.9261
5.9510
5.9758
6.0004
6.0248
6.0491
6.0732
6.0970
6.1207
6.1441
6.1673
6.1903
6.2130
6.2355
6.2577
6.2797
6.3013
6.3227
6.3438
6.3646
6.3851
6.4052
6.4250
6.4445
6.4637
6.4825
6.5009
6.5190
6.5367
6.5540
6.5709
6.5874
6.6035
6.6192
6.6345
6.6493
6.6638
6.6777
6.6913
6.7044
6.7170
6.7291
6.7408
6.7520
6.7627
6.7729
6.7827
6.7919
6.8006
6.8088
6.8165
6.8237
6.8303
6.8364
6.8420
6.8471
6.8515
6.8555
6.8589
6.8617
6.8640
6.8658
6.8669
6.8675
6.8676
6.8671
6.8660
6.8643
6.8621
6.8593
6.8559
6.8519
6.8474
6.8423
6.8366
6.8304
6.8236
6.8162
6.8082
6.7997
6.7907
6.7810
6.7708
6.7601
6.7488
6.7369
6.7245
6.7116
6.6981
6.6841
6.6696
6.6545
6.6390
6.6229
6.6063
6.5892
6.5717
6.5536
6.5351
6.5161
6.4966
6.4767
6.4564
6.4356
6.4143
6.3927
6.3706
6.3482
6.3254
6.3021
6.2785
6.2546
6.2303
6.2056
6.1807
6.1554
6.1298
6.1039
6.0777
6.0513
6.0246
5.9977
5.9705
5.9431
5.9155
5.8877
5.8597
5.8316
5.8033
5.7748
5.7462
5.7175
5.6887
5.6598
5.6309
5.6019
5.5728
5.5437
5.5146
5.4854
5.4563
5.4272
5.3981
5.3691
5.3402
5.3113
5.2825
5.2538
5.2252
5.1967
5.1684
5.1403
5.1123
5.0845
5.0569
5.0295
5.0023
4.9754
4.9487
4.9223
4.8961
4.8702
4.8446
4.8193
4.7944
4.7697
4.7454
4.7215
4.6979
4.6746
4.6518
4.6294
4.6073
4.5857
4.5644
4.5436
4.5233
4.5034
4.4839
4.4649
4.4464
4.4283
4.4108
4.3937
4.3771
4.3610
4.3455
4.3304
4.3159
4.3019
4.2884
4.2755
4.2631
4.2512
4.2399
4.2292
4.2190
4.2093
4.2003
4.1918
4.1838
4.1764
4.1696
4.1634
4.1577
4.1526
4.1481
4.1441
4.1407
4.1379
4.1357
4.1340
4.1329
4.1324
4.1325
4.1331
4.1342
4.1360
4.1383
4.1411
4.1445
4.1485
4.1529
4.1580
4.1636
4.1697
4.1763
4.1835
4.1912
4.1994
4.2081
4.2173
4.2271
4.2373
4.2480
4.2592
4.2709
4.2830
4.2956
4.3087
4.3223
4.3362
4.3507
4.3655
4.3808
4.3965
4.4126
4.4291
4.4460
4.4633
4.4810
4.4991
4.5175
4.5363
4.5555
4.5750
4.5948
4.6149
4.6354
4.6562
4.6773
4.6987
4.7203
4.7423
4.7645
4.7870
4.8097
4.8327
4.8559
4.8793
4.9030
4.9268
4.9509
4.9752
4.9996
5.0242
5.0490
5.0739
5.0990
5.1242
5.1496
5.1750
5.2006
5.2263
5.2521
5.2780
5.3039
5.3299
5.3560
5.3821
5.4083
5.4344
5.4607
5.4869
5.5131
5.5393
5.5656
5.5917
5.6179
5.6440
5.6701
5.6961
5.7220
5.7479
5.7737
5.7994
5.8250
5.8504
5.8758
5.9010
5.9261
5.9510
5.9758
6.0004
6.0248
6.0491
6.0732
6.0970
6.1207
6.1441
6.1673
6.1903
6.2130
6.2355
6.2577
6.2797
6.3013
6.3227
6.3438
6.3646
6.3851
6.4052
6.4250
6.4445
6.4637
6.4825
6.5009
6.5190
6.5367
6.5540
6.5709
6.5874
6.6035
6.6192
6.6345
6.6493
6.6638
6.6777
6.6913
6.7044
6.7170
6.7291
6.7408
6.7520
6.7627
6.7729
6.7827
6.7919
6.8006
6.8088
6.8165
6.8237
6.8303
6.8364
6.8420
6.8471
6.8515
6.8555
6.8589
6.8617
6.8640
6.8658
6.8669
6.8675
6.8676
6.8671
6.8660
6.8643
6.8621
6.8593
6.8559
6.8519
6.8474
6.8423
6.8366
6.8304
6.8236
6.8162
6.8082
6.7997
6.7907
6.7810
6.7708
6.7601
6.7488
6.7369
6.7245
6.7116
6.6981
6.6841
6.6696
6.6545
6.6390
6.6229
6.6063
6.5892
6.5717
6.5536
6.5351
6.5161
6.4966
6.4767
6.4564
6.4356
6.4143
6.3927
6.3706
6.3482
6.3254
6.3021
6.2785
6.2546
6.2303
6.2056
6.1807
6.1554
6.1298
6.1039
6.0777
6.0513
6.0246
5.9977
5.9705
5.9431
5.9155
5.8877
5.8597
5.8316
5.8033
5.7748
5.7462
5.7175
5.6887
5.6598
5.6309
5.6019
5.5728
5.5437
5.5146
5.4854
5.4563
5.4272
5.3981
5.3691
5.3402
5.3113
5.2825
5.2538
5.2252
5.1967
5.1684
5.1403
5.1123
5.0845
5.0569
5.0295
5.0023
4.9754
4.9487
4.9223
4.8961
4.8702
4.8446
4.8193
4.7944
4.7697
4.7454
4.7215
4.6979
4.6746
4.6518
4.6294
4.6073
4.5857
4.5644
4.5436
4.5233
4.5034
4.4839
4.4649
4.4464
4.4283
4.4108
4.3937
4.3771
4.3610
4.3455
4.3304
4.3159
4.3019
4.2884
4.2755
4.2631
4.2512
4.2399
4.2292
4.2190
4.2093
4.2003
4.1918
4.1838
4.1764
4.1696
4.1634
4.1577
4.1526
4.1481
4.1441
4.1407
4.1379
4.1357
4.1340
4.1329
4.1324
4.1325
4.1331
4.1342
4.1360
4.1383
4.1411
4.1445
4.1485
4.1529
4.1580
4.1636
4.1697
4.1763
4.1835
4.1912
4.1994
4.2081
4.2173
4.2271
4.2373
4.2480
4.2592
4.2709
4.2830
4.2956
4.3087
4.3223
4.3362
4.3507
4.3655
4.3808
4.3965
4.4126
4.4291
4.4460
4.4633
4.4810
4.4991
4.5175
4.5363
4.5555
4.5750
4.5948
4.6149
4.6354
4.6562
4.6773
4.6987
4.7203
4.7423
4.7645
4.7870
4.8097
4.8327
4.8559
4.8793
4.9030
4.9268
4.9509
4.9752
4.9996
5.0242
5.0490
5.0739
5.0990
5.1242
5.1496
5.1750
5.2006
5.2263
5.2521
5.2780
5.3039
5.3299
5.3560
5.3821
5.4083
5.4344
5.4607
5.4869
5.5131
5.5393
5.5656
5.5917
5.6179
5.6440
5.6701
5.6961
5.7220
5.7479
5.7737
5.7994
5.8250
5.8504
5.8758
5.9010
5.9261
5.9510
5.9758
6.0004
6.0248
6.0491
6.0732
6.0970
6.1207
6.1441
6.1673
6.1903
6.2130
6.2355
6.2577
6.2797
6.3013
6.3227
6.3438
6.3646
6.3851
6.4052
6.4250
6.4445
6.4637
6.4825
6.5009
6.5190
6.5367
6.5540
6.5709
6.5874
6.6035
6.6192
6.6345
6.6493
6.6638
6.6777
6.6913
6.7044
6.7170
6.7291
6.7408
6.7520
6.7627
6.7729
6.7827
6.7919
6.8006
6.8088
6.8165
6.8237
6.8303
6.8364
6.8420
6.8471
6.8515
6.8555
6.8589
6.8617
6.8640
6.8658
6.8669
6.8675
6.8676
6.8671
6.8660
6.8643
6.8621
6.8593
6.8559
6.8519
6.8474
6.8423
6.8366
6.8304
6.8236
6.8162
6.8082
6.7997
6.7907
6.7810
6.7708
6.7601
6.7488
6.7369
6.7245
6.7116
6.6981
6.6841
6.6696
6.6545
6.6390
6.6229
6.6063
6.5892
6.5717
6.5536
6.5351
6.5161
6.4966
6.4767
6.4564
6.4356
6.4143
6.3927
6.3706
6.3482
6.3254
6.3021
6.2785
6.2546
6.2303
6.2056
6.1807
6.1554
6.1298
6.1039
6.0777
6.0513
6.0246
5.9977
5.9705
5.9431
5.9155
5.8877
5.8597
5.8316
5.8033
5.7748
5.7462
5.7175
5.6887
5.6598
5.6309
5.6019
5.5728
5.5437
5.5146
5.4854
5.4563
5.4272
5.3981
5.3691
5.3402
5.3113
5.2825
5.2538
5.2252
5.1967
5.1684
5.1403
5.1123
5.0845
5.0569
5.0295
5.0023
4.9754
4.9487
4.9223
4.8961
4.8702
4.8446
4.8193
4.7944
4.7697
4.7454
4.7215
4.6979
4.6746
4.6518
4.6294
4.6073
4.5857
4.5644
4.5436
4.5233
4.5034
4.4839
4.4649
4.4464
4.4283
4.4108
4.3937
4.3771
4.3610
4.3455
4.3304
4.3159
4.3019
4.2884
4.2755
4.2631
4.2512
4.2399
4.2292
4.2190
4.2093
4.2003
4.1918
4.1838
4.1764
4.1696
4.1634
4.1577
4.1526
4.1481
4.1441
4.1407
4.1379
4.1357
4.1340
4.1329
4.1324
4.1325
4.1331
4.1342
4.1360
4.1383
4.1411
4.1445
4.1485
4.1529
4.1580
4.1636
4.1697
4.1763
4.1835
4.1912
4.1994
4.2081
4.2173
4.2271
4.2373
4.2480
4.2592
4.2709
4.2830
4.2956
4.3087
4.3223
4.3362
4.3507
4.3655
4.3808
4.3965
4.4126
4.4291
4.4460
4.4633
4.4810
4.4991
4.5175
4.5363
4.5555
4.5750
4.5948
4.6149
4.6354
4.6562
4.6773
4.6987
4.7203
4.7423
4.7645
4.7870
4.8097
4.8327
4.8559
4.8793
4.9030
4.9268
4.9509
4.9752
4.9996
5.0242
5.0490
5.0739
5.0990
5.1242
5.1496
5.1750
5.2006
5.2263
5.2521
5.2780
5.3039
5.3299
5.3560
5.3821
5.4083
5.4344
5.4607
5.4869
5.5131
5.5393
5.5656
5.5917
5.6179
5.6440
5.6701
5.6961
5.7220
5.7479
5.7737
5.7994
5.8250
5.8504
5.8758
5.9010
5.9261
5.9510
5.9758
6.0004
6.0248
6.0491
6.0732
6.0970
6.1207
6.1441
6.1673
6.1903
6.2130
6.2355
6.2577
6.2797
6.3013
6.3227
6.3438
6.3646
6.3851
6.4052
6.4250
6.4445
6.4637
6.4825
6.5009
6.5190
6.5367
6.5540
6.5709
6.5874
6.6035
6.6192
6.6345
6.6493
6.6638
6.6777
6.6913
6.7044
6.7170
6.7291
6.7408
6.7520
6.7627
6.7729
6.7827
6.7919
6.8006
6.8088
6.8165
6.8237
6.8303
6.8364
6.8420
6.8471
6.8515
6.8555
6.8589
6.8617
6.8640
6.8658
6.8669
6.8675
6.8676
6.8671
6.8660
6.8643
6.8621
6.8593
6.8559
6.8519
6.8474
6.8423
6.8366
6.8304
6.8236
6.8162
6.8082
6.7997
6.7907
6.7810
6.7708
6.7601
6.7488
6.7369
6.7245
6.7116
6.6981
6.6841
6.6696
6.6545
6.6390
6.6229
6.6063
6.5892
6.5717
6.5536
6.5351
6.5161
6.4966
6.4767
6.4564
6.4356
6.4143
6.3927
6.3706
6.3482
6.3254
6.3021
6.2785
6.2546
6.2303
6.2056
6.1807
6.1554
6.1298
6.1039
6.0777
6.0513
6.0246
5.9977
5.9705
5.9431
5.9155
5.8877
5.8597
5.8316
5.8033
5.7748
5.7462
5.7175
5.6887
5.6598
5.6309
5.6019
5.5728
5.5437
5.5146
5.4854
5.4563
5.4272
5.3981
5.3691
5.3402
5.3113
5.2825
5.2538
5.2252
5.1967
5.1684
5.1403
5.1123
5.0845
5.0569
5.0295
5.0023
4.9754
4.9487
4.9223
4.8961
4.8702
4.8446
4.8193
4.7944
4.7697
4.7454
4.7215
4.6979
4.6746
4.6518
4.6294
4.6073
4.5857
4.5644
4.5436
4.5233
4.5034
4.4839
4.4649
4.4464
4.4283
4.4108
4.3937
4.3771
4.3610
4.3455
4.3304
4.3159
4.3019
4.2884
4.2755
4.2631
4.2512
4.2399
4.2292
4.2190
4.2093
4.2003
4.1918
4.1838
4.1764
4.1696
4.1634
4.1577
4.1526
4.1481
4.1441
4.1407
4.1379
4.1357
4.1342
4.1331
4.1325
4.1326
4.1332
4.1344
4.1361
4.1384
4.1412
4.1446
4.1486
4.1531
4.1581
4.1637
4.1698
4.1765
4.1836
4.1913
4.1995
4.2082
4.2175
4.2272
4.2374
4.2481
4.2593
4.2710
4.2832
4.2958
4.3089
4.3224
4.3364
4.3508
4.3656
4.3809
4.3966
4.4127
4.4293
4.4462
4.4635
4.4812
4.4992
4.5177
4.5365
4.5556
4.5751
4.5949
4.6151
4.6355
4.6563
4.6774
4.6988
4.7205
4.7424
4.7646
4.7871
4.8098
4.8328
4.8560
4.8794
4.9031
4.9269
4.9510
4.9752
4.9997
5.0243
5.0491
5.0740
5.0991
5.1243
5.1496
5.1751
5.2007
5.2264
5.2521
5.2780
5.3039
5.3299
5.3560
5.3821
5.4083
5.4345
5.4607
5.4869
5.5131
5.5393
5.5655
5.5917
5.6179
5.6440
5.6700
5.6961
5.7220
5.7479
5.7736
5.7993
5.8249
5.8503
5.8757
5.9009
5.9260
5.9509
5.9757
6.0003
6.0247
6.0490
6.0730
6.0969
6.1205
6.1439
6.1671
6.1901
6.2128
6.2353
6.2575
6.2794
6.3011
6.3225
6.3436
6.3643
6.3848
6.4049
6.4248
6.4442
6.4634
6.4822
6.5006
6.5186
6.5363
6.5536
6.5705
6.5870
6.6031
6.6188
6.6341
6.6489
6.6634
6.6773
6.6909
6.7039
6.7165
6.7287
6.7403
6.7515
6.7622
6.7725
6.7822
6.7914
6.8001
6.8083
6.8160
6.8231
6.8298
6.8359
6.8415
6.8465
6.8510
6.8549
6.8583
6.8611
6.8634
6.8651
6.8663
6.8669
6.8669
6.8664
6.8653
6.8636
6.8614
6.8586
6.8552
6.8512
6.8467
6.8416
6.8359
6.8297
6.8229
6.8155
6.8076
6.7990
6.7900
6.7803
6.7701
6.7594
6.7481
6.7362
6.7238
6.7109
6.6974
6.6834
6.6689
6.6538
6.6383
6.6222
6.6056
6.5885
6.5710
6.5529
6.5344
6.5154
6.4960
6.4761
6.4557
6.4349
6.4137
6.3921
6.3700
6.3476
6.3248
6.3015
6.2780
6.2540
6.2297
6.2051
6.1801
6.1549
6.1293
6.1034
6.0773
6.0508
6.0242
5.9972
5.9701
5.9427
5.9151
5.8874
5.8594
5.8313
5.8030
5.7746
5.7460
5.7173
5.6886
5.6597
5.6308
5.6018
5.5727
5.5436
5.5146
5.4854
5.4564
5.4273
5.3982
5.3692
5.3403
5.3115
5.2827
5.2540
5.2255
5.1971
5.1688
5.1407
5.1127
5.0850
5.0574
5.0301
5.0029
4.9760
4.9494
4.9230
4.8968
4.8710
4.8454
4.8202
4.7953
4.7707
4.7464
4.7225
4.6989
4.6757
4.6529
4.6305
4.6085
4.5869
4.5657
4.5450
4.5247
4.5048
4.4854
4.4664
4.4479
4.4299
4.4124
4.3954
4.3788
4.3628
4.3473
4.3323
4.3178
4.3038
4.2904
4.2775
4.2651
4.2533
4.2421
4.2314
4.2212
4.2116
4.2026
4.1941
4.1862
4.1788
4.1721
4.1659
4.1602
4.1552
4.1507
4.1467
4.1434
4.1406
4.1384
4.1368
4.1357
4.1352
4.1353
4.1359
4.1371
4.1389
4.1412
4.1441
4.1475
4.1515
4.1560
4.1610
4.1666
4.1728
4.1794
4.1866
4.1943
4.2025
4.2112
4.2205
4.2302
4.2404
4.2512
4.2624
4.2740
4.2862
4.2988
4.3119
4.3254
4.3394
4.3538
4.3687
4.3839
4.3996
4.4157
4.4322
4.4491
4.4664
4.4841
4.5021
4.5205
4.5393
4.5584
4.5779
4.5976
4.6178
4.6382
4.6589
4.6800
4.7013
4.7229
4.7448
4.7670
4.7894
4.8121
4.8350
4.8582
4.8815
4.9051
4.9289
4.9529
4.9771
5.0015
5.0260
5.0507
5.0756
5.1006
5.1257
5.1510
5.1764
5.2018
5.2274
5.2531
5.2789
5.3047
5.3306
5.3566
5.3826
5.4087
5.4347
5.4608
5.4869
5.5131
5.5392
5.5652
5.5913
5.6173
5.6433
5.6693
5.6951
5.7209
5.7467
5.7723
5.7978
5.8233
5.8486
5.8738
5.8989
5.9238
5.9486
5.9732
5.9976
6.0219
6.0460
6.0699
6.0936
6.1170
6.1403
6.1633
6.1861
6.2087
6.2310
6.2530
6.2748
6.2963
6.3174
6.3383
6.3589
6.3792
6.3992
6.4188
6.4381
6.4570
6.4756
6.4939
6.5117
6.5292
6.5463
6.5631
6.5794
6.5953
6.6108
6.6259
6.6405
6.6548
6.6685
6.6819
6.6948
6.7072
6.7191
6.7306
6.7416
6.7521
6.7622
6.7717
6.7807
6.7893
6.7973
6.8048
6.8118
6.8182
6.8242
6.8296
6.8344
6.8388
6.8426
6.8458
6.8485
6.8506
6.8522
6.8532
6.8537
6.8536
6.8529
6.8517
6.8499
6.8476
6.8446
6.8411
6.8371
6.8325
6.8273
6.8215
6.8152
6.8083
6.8009
6.7929
6.7843
6.7752
6.7655
6.7553
6.7445
6.7332
6.7213
6.7089
6.6960
6.6826
6.6686
6.6541
6.6391
6.6236
6.6076
6.5911
6.5741
6.5566
6.5386
6.5202
6.5014
6.4820
6.4623
6.4421
6.4215
6.4004
6.3790
6.3571
6.3349
6.3123
6.2893
6.2659
6.2423
6.2182
6.1939
6.1692
6.1442
6.1190
6.0934
6.0676
6.0415
6.0152
5.9887
5.9619
5.9349
5.9078
5.8804
5.8529
5.8252
5.7974
5.7694
5.7414
5.7132
5.6849
5.6566
5.6282
5.5998
5.5713
5.5428
5.5143
5.4857
5.4573
5.4288
5.4004
5.3720
5.3438
5.3156
5.2875
5.2595
5.2317
5.2040
5.1764
5.1490
5.1218
5.0948
5.0680
5.0414
5.0150
4.9889
4.9630
4.9374
4.9121
4.8871
4.8623
4.8379
4.8138
4.7901
4.7666
4.7436
4.7209
4.6986
4.6766
4.6551
4.6339
4.6132
4.5929
4.5730
4.5536
4.5346
4.5161
4.4980
4.4804
4.4633
4.4466
4.4305
4.4148
4.3997
4.3850
4.3709
4.3572
4.3441
4.3316
4.3195
4.3080
4.2970
4.2866
4.2767
4.2674
4.2586
4.2503
4.2427
4.2355
4.2289
4.2229
4.2175
4.2126
4.2082
4.2044
4.2012
4.1985
4.1964
4.1948
4.1938
4.1934
4.1935
4.1941
4.1953
4.1970
4.1993
4.2021
4.2054
4.2093
4.2137
4.2186
4.2240
4.2300
4.2364
4.2434
4.2508
4.2588
4.2672
4.2762
4.2856
4.2954
4.3058
4.3166
4.3278
4.3395
4.3516
4.3642
4.3772
4.3906
4.4045
4.4187
4.4333
4.4483
4.4637
4.4795
4.4957
4.5122
4.5290
4.5462
4.5638
4.5816
4.5998
4.6183
4.6371
4.6562
4.6755
4.6952
4.7151
4.7353
4.7557
4.7763
4.7972
4.8184
4.8397
4.8612
4.8830
4.9049
4.9270
4.9493
4.9717
4.9943
5.0171
5.0399
5.0629
5.0860
5.1093
5.1326
5.1560
5.1795
5.2031
5.2267
5.2504
5.2741
5.2978
5.3216
5.3454
5.3693
5.3931
5.4169
5.4407
5.4644
5.4882
5.5118
5.5355
5.5590
5.5825
5.6059
5.6293
5.6525
5.6756
5.6987
5.7216
5.7443
5.7669
5.7894
5.8117
5.8339
5.8559
5.8777
5.8993
5.9207
5.9419
5.9629
5.9837
6.0043
6.0246
6.0447
6.0645
6.0841
6.1034
6.1224
6.1411
6.1596
6.1777
6.1956
6.2131
6.2303
6.2472
6.2638
6.2800
6.2959
6.3115
6.3266
6.3415
6.3559
6.3700
6.3837
6.3970
6.4099
6.4224
6.4345
6.4462
6.4575
6.4684
6.4789
6.4889
6.4985
6.5077
6.5164
6.5247
6.5325
6.5399
6.5468
6.5533
6.5593
6.5649
6.5700
6.5746
6.5788
6.5825
6.5857
6.5884
6.5907
6.5925
6.5938
6.5947
6.5950
6.5949
6.5943
6.5933
6.5918
6.5898
6.5873
6.5843
6.5809
6.5771
6.5727
6.5679
6.5627
6.5569
6.5508
6.5442
6.5371
6.5296
6.5217
6.5133
6.5045
6.4953
6.4857
6.4756
6.4652
6.4543
6.4431
6.4315
6.4195
6.4071
6.3944
6.3813
6.3679
6.3541
6.3400
6.3256
6.3108
6.2958
6.2804
6.2648
6.2489
6.2327
6.2163
6.1996
6.1827
6.1656
6.1482
6.1306
6.1129
6.0949
6.0768
6.0585
6.0400
6.0215
6.0028
5.9839
5.9650
5.9460
5.9269
5.9077
5.8884
5.8691
5.8498
5.8305
5.8111
5.7917
5.7724
5.7530
5.7337
5.7145
5.6953
5.6762
5.6571
5.6382
5.6193
5.6006
5.5820
5.5635
5.5451
5.5270
5.5089
5.4911
5.4735
5.4560
5.4388
5.4217
5.4049
5.3884
5.3720
5.3560
5.3402
5.3246
5.3093
5.2944
5.2797
5.2653
5.2512
5.2374
5.2240
5.2109
5.1981
5.1856
5.1735
5.1618
5.1504
5.1393
5.1286
5.1183
5.1084
5.0988
5.0896
5.0807
5.0723
5.0642
5.0565
5.0492
5.0423
5.0358
5.0297
5.0239
5.0185
5.0136
5.0090
5.0048
5.0009
4.9975
4.9944
4.9917
4.9894
4.9875
4.9859
4.9847
4.9839
4.9834
4.9832
4.9835
4.9840
4.9849
4.9861
4.9877
4.9896
4.9918
4.9943
4.9971
5.0002
5.0036
5.0073
5.0113
5.0155
5.0200
5.0248
5.0298
5.0350
5.0405
5.0462
5.0521
5.0583
5.0646
5.0711
5.0778
5.0847
5.0917
5.0989
5.1063
5.1138
5.1214
5.1291
5.1369
5.1449
5.1529
5.1611
5.1693
5.1775
5.1858
5.1942
5.2026
5.2111
5.2195
5.2280
5.2365
5.2450
5.2534
5.2619
5.2703
5.2787
5.2870
5.2953
5.3035
5.3116
5.3197
5.3277
5.3355
5.3433
5.3510
5.3585
5.3660
5.3733
5.3804
5.3874
5.3943
5.4010
5.4076
5.4139
5.4201
5.4262
5.4320
5.4376
5.4431
5.4483
5.4534
5.4582
5.4628
5.4672
5.4714
5.4753
5.4790
5.4825
5.4857
5.4887
5.4915
5.4940
5.4962
5.4982
5.5000
