5.5000
5.5081
5.5163
5.5245
5.5327
5.5408
5.5490
5.5572
5.5653
5.5734
5.5814
5.5894
5.5974
5.6053
5.6131
5.6208
5.6284
5.6359
5.6433
5.6506
5.6578
5.6648
5.6717
5.6785
5.6851
5.6915
5.6977
5.7038
5.7097
5.7153
5.7208
5.7261
5.7311
5.7359
5.7405
5.7448
5.7489
5.7528
5.7563
5.7596
5.7627
5.7654
5.7679
5.7701
5.7720
5.7736
5.7749
5.7759
5.7765
5.7769
5.7769
5.7766
5.7760
5.7750
5.7737
5.7721
5.7701
5.7678
5.7651
5.7621
5.7587
5.7550
5.7510
5.7465
5.7418
5.7367
5.7312
5.7254
5.7192
5.7127
5.7058
5.6986
5.6911
5.6832
5.6749
5.6664
5.6575
5.6482
5.6387
5.6288
5.6186
5.6080
5.5972
5.5861
5.5746
5.5629
5.5509
5.5386
5.5260
5.5131
5.5000
5.4866
5.4730
5.4591
5.4450
5.4307
5.4161
5.4013
5.3863
5.3712
5.3558
5.3402
5.3245
5.3086
5.2926
5.2764
5.2601
5.2437
5.2271
5.2105
5.1937
5.1769
5.1599
5.1430
5.1259
5.1088
5.0917
5.0745
5.0574
5.0402
5.0230
5.0059
4.9887
4.9716
4.9545
4.9375
4.9206
4.9037
4.8870
4.8703
4.8537
4.8372
4.8209
4.8046
4.7886
4.7727
4.7569
4.7413
4.7259
4.7107
4.6956
4.6808
4.6662
4.6518
4.6377
4.6238
4.6101
4.5967
4.5836
4.5707
4.5581
4.5457
4.5337
4.5220
4.5105
4.4994
4.4886
4.4781
4.4680
4.4581
4.4487
4.4395
4.4307
4.4223
4.4142
4.4064
4.3991
4.3921
4.3855
4.3792
4.3733
4.3678
4.3627
4.3580
4.3537
4.3497
4.3462
4.3430
4.3402
4.3379
4.3359
4.3343
4.3331
4.3324
4.3320
4.3320
4.3324
4.3332
4.3345
4.3361
4.3381
4.3405
4.3433
4.3465
4.3500
4.3540
4.3584
4.3631
4.3683
4.3738
4.3796
4.3859
4.3926
4.3996
4.4069
4.4147
4.4228
4.4312
4.4401
4.4492
4.4587
4.4686
4.4788
4.4893
4.5002
4.5114
4.5229
4.5348
4.5470
4.5594
4.5722
4.5853
4.5987
4.6124
4.6263
4.6406
4.6551
4.6700
4.6851
4.7004
4.7160
4.7319
4.7480
4.7644
4.7810
4.7979
4.8150
4.8323
4.8498
4.8676
4.8856
4.9038
4.9222
4.9408
4.9596
4.9785
4.9977
5.0170
5.0365
5.0562
5.0761
5.0961
5.1162
5.1366
5.1570
5.1776
5.1984
5.2192
5.2402
5.2613
5.2825
5.3039
5.3253
5.3468
5.3685
5.3902
5.4120
5.4339
5.4559
5.4779
5.5000
5.5222
5.5444
5.5666
5.5889
5.6113
5.6337
5.6561
5.6785
5.7010
5.7234
5.7459
5.7684
5.7908
5.8133
5.8358
5.8582
5.8806
5.9030
5.9253
5.9476
5.9699
5.9921
6.0142
6.0363
6.0583
6.0802
6.1021
6.1239
6.1455
6.1671
6.1886
6.2099
6.2312
6.2523
6.2733
6.2941
6.3148
6.3354
6.3558
6.3760
6.3961
6.4160
6.4357
6.4553
6.4746
6.4938
6.5127
6.5314
6.5499
6.5682
6.5863
6.6041
6.6216
6.6389
6.6560
6.6728
6.6893
6.7055
6.7215
6.7371
6.7525
6.7675
6.7822
6.7966
6.8107
6.8245
6.8379
6.8510
6.8637
6.8760
6.8880
6.8997
6.9109
6.9218
6.9322
6.9423
6.9520
6.9613
6.9701
6.9786
6.9866
6.9941
7.0013
7.0080
7.0143
7.0201
7.0254
7.0303
7.0348
7.0387
7.0422
7.0452
7.0477
7.0498
7.0513
7.0524
7.0530
7.0530
7.0526
7.0517
7.0502
7.0482
7.0458
7.0428
7.0393
7.0353
7.0307
7.0257
7.0201
7.0140
7.0073
7.0002
6.9925
6.9843
6.9756
6.9663
6.9566
6.9463
6.9355
6.9242
6.9123
6.9000
6.8871
6.8737
6.8599
6.8455
6.8306
6.8152
6.7994
6.7830
6.7662
6.7489
6.7311
6.7128
6.6941
6.6749
6.6553
6.6352
6.6147
6.5937
6.5723
6.5505
6.5283
6.5057
6.4827
6.4593
6.4355
6.4113
6.3868
6.3619
6.3367
6.3111
6.2852
6.2590
6.2325
6.2057
6.1785
6.1511
6.1235
6.0956
6.0674
6.0390
6.0103
5.9815
5.9524
5.9232
5.8937
5.8641
5.8344
5.8045
5.7744
5.7443
5.7140
5.6836
5.6532
5.6226
5.5920
5.5614
5.5307
5.5000
5.4693
5.4385
5.4078
5.3771
5.3465
5.3159
5.2853
5.2548
5.2245
5.1942
5.1640
5.1339
5.1040
5.0742
5.0445
5.0151
4.9858
4.9567
4.9278
4.8991
4.8706
4.8424
4.8144
4.7867
4.7593
4.7321
4.7052
4.6786
4.6523
4.6263
4.6007
4.5754
4.5504
4.5258
4.5016
4.4777
4.4542
4.4311
4.4084
4.3861
4.3642
4.3428
4.3217
4.3011
4.2810
4.2612
4.2420
4.2231
4.2048
4.1869
4.1695
4.1526
4.1361
4.1202
4.1047
4.0898
4.0753
4.0614
4.0479
4.0350
4.0225
4.0106
3.9992
3.9884
3.9780
3.9682
3.9589
3.9501
3.9418
3.9341
3.9269
3.9203
3.9141
3.9085
3.9034
3.8989
3.8948
3.8913
3.8883
3.8859
3.8839
3.8825
3.8816
3.8812
3.8813
3.8819
3.8831
3.8847
3.8868
3.8894
3.8926
3.8962
3.9003
3.9048
3.9099
3.9154
3.9214
3.9279
3.9348
3.9422
3.9500
3.9582
3.9670
3.9761
3.9857
3.9957
4.0061
4.0169
4.0281
4.0398
4.0518
4.0642
4.0771
4.0902
4.1038
4.1177
4.1320
4.1467
4.1617
4.1770
4.1927
4.2087
4.2251
4.2417
4.2587
4.2760
4.2935
4.3114
4.3296
4.3480
4.3667
4.3857
4.4049
4.4244
4.4442
4.4642
4.4844
4.5049
4.5256
4.5465
4.5677
4.5890
4.6106
4.6323
4.6543
4.6764
4.6987
4.7212
4.7438
4.7666
4.7896
4.8127
4.8360
4.8594
4.8829
4.9066
4.9304
4.9543
4.9784
5.0025
5.0267
5.0511
5.0755
5.1000
5.1246
5.1493
5.1740
5.1989
5.2237
5.2487
5.2736
5.2987
5.3238
5.3489
5.3740
5.3992
5.4244
5.4496
5.4748
5.5000
5.5252
5.5504
5.5757
5.6009
5.6260
5.6512
5.6763
5.7014
5.7265
5.7515
5.7765
5.8014
5.8263
5.8511
5.8758
5.9005
5.9250
5.9495
5.9739
5.9982
6.0225
6.0466
6.0706
6.0944
6.1182
6.1418
6.1653
6.1887
6.2119
6.2350
6.2579
6.2807
6.3033
6.3257
6.3480
6.3700
6.3919
6.4136
6.4351
6.4563
6.4774
6.4982
6.5189
6.5393
6.5594
6.5793
6.5990
6.6184
6.6375
6.6564
6.6750
6.6934
6.7114
6.7292
6.7466
6.7638
6.7806
6.7971
6.8133
6.8292
6.8447
6.8599
6.8747
6.8892
6.9034
6.9171
6.9305
6.9435
6.9561
6.9684
6.9802
6.9917
7.0027
7.0133
7.0235
7.0333
7.0426
7.0515
7.0600
7.0680
7.0756
7.0827
7.0894
7.0956
7.1013
7.1066
7.1113
7.1156
7.1194
7.1227
7.1256
7.1279
7.1297
7.1310
7.1318
7.1321
7.1319
7.1312
7.1299
7.1281
7.1258
7.1230
7.1196
7.1158
7.1114
7.1064
7.1009
7.0949
7.0884
7.0813
7.0737
7.0656
7.0569
7.0477
7.0380
7.0277
7.0169
7.0056
6.9937
6.9814
6.9685
6.9551
6.9412
6.9267
6.9118
6.8963
6.8804
6.8639
6.8470
6.8296
6.8117
6.7933
6.7744
6.7551
6.7353
6.7150
6.6943
6.6732
6.6516
6.6296
6.6071
6.5843
6.5610
6.5373
6.5133
6.4889
6.4640
6.4389
6.4133
6.3874
6.3612
6.3346
6.3078
6.2806
6.2531
6.2253
6.1972
6.1689
6.1403
6.1115
6.0824
6.0531
6.0236
5.9939
5.9639
5.9338
5.9036
5.8731
5.8426
5.8118
5.7810
5.7501
5.7190
5.6879
5.6567
5.6254
5.5941
5.5628
5.5314
5.5000
5.4686
5.4372
5.4059
5.3746
5.3433
5.3121
5.2810
5.2499
5.2190
5.1881
5.1574
5.1268
5.0964
5.0661
5.0360
5.0061
4.9763
4.9468
4.9175
4.8884
4.8595
4.8309
4.8026
4.7745
4.7467
4.7192
4.6920
4.6651
4.6385
4.6122
4.5863
4.5608
4.5356
4.5107
4.4863
4.4622
4.4385
4.4152
4.3923
4.3699
4.3478
4.3262
4.3051
4.2843
4.2640
4.2442
4.2249
4.2060
4.1875
4.1696
4.1521
4.1352
4.1187
4.1027
4.0872
4.0723
4.0578
4.0438
4.0304
4.0175
4.0051
3.9932
3.9819
3.9710
3.9607
3.9510
3.9417
3.9330
3.9249
3.9172
3.9101
3.9035
3.8975
3.8920
3.8870
3.8826
3.8787
3.8753
3.8724
3.8701
3.8683
3.8670
3.8663
3.8660
3.8663
3.8671
3.8684
3.8701
3.8724
3.8752
3.8785
3.8823
3.8866
3.8913
3.8965
3.9023
3.9084
3.9151
3.9222
3.9297
3.9377
3.9462
3.9551
3.9644
3.9742
3.9844
3.9950
4.0060
4.0174
4.0292
4.0415
4.0541
4.0671
4.0805
4.0942
4.1083
4.1228
4.1377
4.1529
4.1684
4.1843
4.2005
4.2170
4.2338
4.2510
4.2684
4.2862
4.3042
4.3226
4.3412
4.3601
4.3792
4.3987
4.4183
4.4383
4.4584
4.4789
4.4995
4.5204
4.5415
4.5628
4.5843
4.6060
4.6279
4.6500
4.6723
4.6947
4.7173
4.7401
4.7631
4.7862
4.8095
4.8329
4.8564
4.8801
4.9039
4.9278
4.9519
4.9761
5.0003
5.0247
5.0491
5.0737
5.0983
5.1231
5.1478
5.1727
5.1976
5.2226
5.2477
5.2728
5.2979
5.3231
5.3483
5.3735
5.3988
5.4241
5.4494
5.4747
5.5000
5.5253
5.5506
5.5759
5.6012
5.6265
5.6517
5.6769
5.7021
5.7272
5.7523
5.7774
5.8024
5.8273
5.8522
5.8770
5.9017
5.9263
5.9509
5.9753
5.9997
6.0240
6.0481
6.0722
6.0961
6.1199
6.1436
6.1672
6.1906
6.2138
6.2369
6.2599
6.2827
6.3053
6.3278
6.3501
6.3722
6.3941
6.4158
6.4373
6.4586
6.4797
6.5006
6.5212
6.5417
6.5618
6.5818
6.6014
6.6209
6.6400
6.6589
6.6776
6.6959
6.7140
6.7317
6.7492
6.7663
6.7832
6.7997
6.8159
6.8318
6.8473
6.8625
6.8774
6.8918
6.9060
6.9197
6.9331
6.9461
6.9588
6.9710
6.9828
6.9943
7.0053
7.0159
7.0261
7.0358
7.0452
7.0541
7.0625
7.0706
7.0781
7.0852
7.0919
7.0980
7.1038
7.1090
7.1137
7.1180
7.1218
7.1251
7.1279
7.1302
7.1320
7.1333
7.1341
7.1343
7.1341
7.1333
7.1321
7.1303
7.1279
7.1251
7.1217
7.1178
7.1134
7.1084
7.1029
7.0969
7.0903
7.0832
7.0756
7.0674
7.0587
7.0495
7.0397
7.0294
7.0186
7.0072
6.9954
6.9830
6.9701
6.9566
6.9427
6.9282
6.9132
6.8977
6.8818
6.8653
6.8483
6.8309
6.8129
6.7945
6.7756
6.7562
6.7364
6.7161
6.6954
6.6742
6.6526
6.6306
6.6081
6.5852
6.5619
6.5382
6.5141
6.4897
6.4648
6.4396
6.4141
6.3881
6.3619
6.3353
6.3084
6.2812
6.2537
6.2259
6.1978
6.1694
6.1408
6.1119
6.0828
6.0535
6.0239
5.9942
5.9643
5.9341
5.9038
5.8734
5.8428
5.8120
5.7812
5.7502
5.7192
5.6880
5.6568
5.6255
5.5942
5.5628
5.5314
5.5000
5.4686
5.4372
5.4058
5.3745
5.3432
5.3120
5.2808
5.2498
5.2188
5.1879
5.1572
5.1266
5.0962
5.0659
5.0357
5.0058
4.9761
4.9465
4.9172
4.8881
4.8592
4.8306
4.8022
4.7741
4.7463
4.7188
4.6916
4.6647
4.6381
4.6118
4.5859
4.5604
4.5352
4.5103
4.4858
4.4618
4.4381
4.4148
4.3919
4.3694
4.3474
4.3258
4.3046
4.2839
4.2636
4.2437
4.2244
4.2055
4.1871
4.1691
4.1517
4.1347
4.1182
4.1022
4.0867
4.0718
4.0573
4.0434
4.0299
4.0170
4.0046
3.9927
3.9814
3.9706
3.9603
3.9505
3.9413
3.9326
3.9244
3.9168
3.9097
3.9031
3.8971
3.8916
3.8866
3.8821
3.8782
3.8749
3.8720
3.8697
3.8679
3.8666
3.8658
3.8656
3.8659
3.8667
3.8679
3.8697
3.8720
3.8748
3.8781
3.8819
3.8862
3.8909
3.8962
3.9019
3.9081
3.9147
3.9218
3.9294
3.9374
3.9459
3.9548
3.9641
3.9739
3.9840
3.9947
4.0057
4.0171
4.0289
4.0412
4.0538
4.0668
4.0802
4.0940
4.1081
4.1226
4.1374
4.1526
4.1681
4.1840
4.2002
4.2168
4.2336
4.2508
4.2682
4.2860
4.3040
4.3224
4.3410
4.3599
4.3791
4.3985
4.4182
4.4381
4.4583
4.4787
4.4993
4.5202
4.5413
4.5626
4.5841
4.6058
4.6278
4.6499
4.6721
4.6946
4.7172
4.7400
4.7630
4.7861
4.8094
4.8328
4.8563
4.8800
4.9038
4.9278
4.9518
4.9760
5.0003
5.0246
5.0491
5.0736
5.0983
5.1230
5.1478
5.1727
5.1976
5.2226
5.2476
5.2727
5.2979
5.3231
5.3483
5.3735
5.3988
5.4241
5.4494
5.4747
5.5000
5.5253
5.5506
5.5759
5.6012
5.6265
5.6517
5.6769
5.7021
5.7273
5.7524
5.7774
5.8024
5.8273
5.8522
5.8770
5.9017
5.9264
5.9509
5.9754
5.9997
6.0240
6.0482
6.0722
6.0962
6.1200
6.1437
6.1672
6.1906
6.2139
6.2370
6.2600
6.2828
6.3054
6.3279
6.3501
6.3722
6.3942
6.4159
6.4374
6.4587
6.4798
6.5007
6.5213
6.5417
6.5619
6.5818
6.6015
6.6209
6.6401
6.6590
6.6776
6.6960
6.7140
6.7318
6.7492
6.7664
6.7833
6.7998
6.8160
6.8319
6.8474
6.8626
6.8774
6.8919
6.9060
6.9198
6.9332
6.9462
6.9588
6.9711
6.9829
6.9943
7.0054
7.0160
7.0262
7.0359
7.0453
7.0542
7.0626
7.0706
7.0782
7.0853
7.0919
7.0981
7.1038
7.1091
7.1138
7.1181
7.1219
7.1252
7.1280
7.1303
7.1321
7.1334
7.1341
7.1344
7.1342
7.1334
7.1321
7.1303
7.1280
7.1251
7.1218
7.1179
7.1134
7.1085
7.1030
7.0969
7.0904
7.0833
7.0756
7.0675
7.0587
7.0495
7.0398
7.0295
7.0186
7.0073
6.9954
6.9830
6.9701
6.9567
6.9427
6.9282
6.9133
6.8978
6.8818
6.8653
6.8484
6.8309
6.8129
6.7945
6.7756
6.7563
6.7364
6.7162
6.6954
6.6742
6.6526
6.6306
6.6081
6.5852
6.5619
6.5382
6.5142
6.4897
6.4649
6.4396
6.4141
6.3882
6.3619
6.3353
6.3084
6.2812
6.2537
6.2259
6.1978
6.1694
6.1408
6.1119
6.0828
6.0535
6.0240
5.9942
5.9643
5.9341
5.9038
5.8734
5.8428
5.8121
5.7812
5.7502
5.7192
5.6880
5.6568
5.6255
5.5942
5.5628
5.5314
5.5000
5.4686
5.4372
5.4058
5.3745
5.3432
5.3120
5.2808
5.2498
5.2188
5.1879
5.1572
5.1266
5.0962
5.0659
5.0357
5.0058
4.9760
4.9465
4.9172
4.8881
4.8592
4.8306
4.8022
4.7741
4.7463
4.7188
4.6916
4.6647
4.6381
4.6118
4.5859
4.5604
4.5351
4.5103
4.4858
4.4618
4.4381
4.4148
4.3919
4.3694
4.3474
4.3258
4.3046
4.2838
4.2636
4.2437
4.2244
4.2055
4.1870
4.1691
4.1516
4.1347
4.1182
4.1022
4.0867
4.0718
4.0573
4.0433
4.0299
4.0170
4.0046
3.9927
3.9814
3.9705
3.9602
3.9505
3.9412
3.9325
3.9244
3.9167
3.9096
3.9031
3.8970
3.8915
3.8866
3.8821
3.8782
3.8749
3.8720
3.8697
3.8679
3.8666
3.8658
3.8656
3.8659
3.8666
3.8679
3.8697
3.8720
3.8748
3.8781
3.8819
3.8862
3.8909
3.8962
3.9019
3.9081
3.9147
3.9218
3.9294
3.9374
3.9458
3.9547
3.9641
3.9738
3.9840
3.9946
4.0057
4.0171
4.0289
4.0412
4.0538
4.0668
4.0802
4.0940
4.1081
4.1226
4.1374
4.1526
4.1681
4.1840
4.2002
4.2167
4.2336
4.2507
4.2682
4.2860
4.3040
4.3224
4.3410
4.3599
4.3791
4.3985
4.4182
4.4381
4.4583
4.4787
4.4993
4.5202
4.5413
4.5626
4.5841
4.6058
4.6278
4.6499
4.6721
4.6946
4.7172
4.7400
4.7630
4.7861
4.8094
4.8328
4.8563
4.8800
4.9038
4.9278
4.9518
4.9760
5.0003
5.0246
5.0491
5.0736
5.0983
5.1230
5.1478
5.1727
5.1976
5.2226
5.2476
5.2727
5.2979
5.3231
5.3483
5.3735
5.3988
5.4241
5.4494
5.4747
5.5000
5.5253
5.5506
5.5759
5.6012
5.6265
5.6517
5.6769
5.7021
5.7273
5.7524
5.7774
5.8024
5.8273
5.8522
5.8770
5.9017
5.9264
5.9509
5.9754
5.9997
6.0240
6.0482
6.0722
6.0962
6.1200
6.1437
6.1672
6.1906
6.2139
6.2370
6.2600
6.2828
6.3054
6.3279
6.3501
6.3722
6.3942
6.4159
6.4374
6.4587
6.4798
6.5007
6.5213
6.5417
6.5619
6.5818
6.6015
6.6209
6.6401
6.6590
6.6776
6.6960
6.7140
6.7318
6.7493
6.7664
6.7833
6.7998
6.8160
6.8319
6.8474
6.8626
6.8774
6.8919
6.9060
6.9198
6.9332
6.9462
6.9588
6.9711
6.9829
6.9943
7.0054
7.0160
7.0262
7.0359
7.0453
7.0542
7.0626
7.0706
7.0782
7.0853
7.0919
7.0981
7.1038
7.1091
7.1138
7.1181
7.1219
7.1252
7.1280
7.1303
7.1321
7.1334
7.1341
7.1344
7.1342
7.1334
7.1321
7.1303
7.1280
7.1251
7.1218
7.1179
7.1134
7.1085
7.1030
7.0969
7.0904
7.0833
7.0756
7.0675
7.0588
7.0495
7.0398
7.0295
7.0186
7.0073
6.9954
6.9830
6.9701
6.9567
6.9427
6.9282
6.9133
6.8978
6.8818
6.8653
6.8484
6.8309
6.8130
6.7945
6.7756
6.7563
6.7364
6.7162
6.6954
6.6742
6.6526
6.6306
6.6081
6.5852
6.5619
6.5382
6.5142
6.4897
6.4649
6.4396
6.4141
6.3882
6.3619
6.3353
6.3084
6.2812
6.2537
6.2259
6.1978
6.1694
6.1408
6.1119
6.0828
6.0535
6.0240
5.9942
5.9643
5.9341
5.9038
5.8734
5.8428
5.8121
5.7812
5.7502
5.7192
5.6880
5.6568
5.6255
5.5942
5.5628
5.5314
5.5000
5.4686
5.4372
5.4058
5.3745
5.3432
5.3120
5.2808
5.2498
5.2188
5.1879
5.1572
5.1266
5.0962
5.0659
5.0357
5.0058
4.9760
4.9465
4.9172
4.8881
4.8592
4.8306
4.8022
4.7741
4.7463
4.7188
4.6916
4.6647
4.6381
4.6118
4.5859
4.5604
4.5351
4.5103
4.4858
4.4618
4.4381
4.4148
4.3919
4.3694
4.3474
4.3258
4.3046
4.2838
4.2636
4.2437
4.2244
4.2055
4.1870
4.1691
4.1516
4.1347
4.1182
4.1022
4.0867
4.0718
4.0573
4.0433
4.0299
4.0170
4.0046
3.9927
3.9814
3.9705
3.9602
3.9505
3.9412
3.9325
3.9244
3.9167
3.9096
3.9031
3.8970
3.8915
3.8866
3.8821
3.8782
3.8749
3.8720
3.8697
3.8679
3.8666
3.8658
3.8656
3.8659
3.8666
3.8679
3.8697
3.8720
3.8748
3.8781
3.8819
3.8862
3.8909
3.8962
3.9019
3.9081
3.9147
3.9218
3.9294
3.9374
3.9458
3.9547
3.9641
3.9738
3.9840
3.9946
4.0057
4.0171
4.0289
4.0412
4.0538
4.0668
4.0802
4.0940
4.1081
4.1226
4.1374
4.1526
4.1681
4.1840
4.2002
4.2167
4.2336
4.2507
4.2682
4.2860
4.3040
4.3224
4.3410
4.3599
4.3791
4.3985
4.4182
4.4381
4.4583
4.4787
4.4993
4.5202
4.5413
4.5626
4.5841
4.6058
4.6278
4.6499
4.6721
4.6946
4.7172
4.7400
4.7630
4.7861
4.8094
4.8328
4.8563
4.8800
4.9038
4.9278
4.9518
4.9760
5.0003
5.0246
5.0491
5.0736
5.0983
5.1230
5.1478
5.1727
5.1976
5.2226
5.2476
5.2727
5.2979
5.3231
5.3483
5.3735
5.3988
5.4241
5.4494
5.4747
5.5000
5.5253
5.5506
5.5759
5.6012
5.6265
5.6517
5.6769
5.7021
5.7273
5.7524
5.7774
5.8024
5.8273
5.8522
5.8770
5.9017
5.9264
5.9509
5.9754
5.9997
6.0240
6.0482
6.0722
6.0962
6.1200
6.1437
6.1672
6.1906
6.2139
6.2370
6.2600
6.2828
6.3054
6.3279
6.3501
6.3722
6.3942
6.4159
6.4374
6.4587
6.4798
6.5007
6.5213
6.5417
6.5619
6.5818
6.6015
6.6209
6.6401
6.6590
6.6776
6.6960
6.7140
6.7318
6.7493
6.7664
6.7833
6.7998
6.8160
6.8319
6.8474
6.8626
6.8774
6.8919
6.9060
6.9198
6.9332
6.9462
6.9588
6.9711
6.9829
6.9943
7.0054
7.0160
7.0262
7.0359
7.0453
7.0542
7.0626
7.0706
7.0782
7.0853
7.0919
7.0981
7.1038
7.1091
7.1138
7.1181
7.1219
7.1252
7.1280
7.1303
7.1321
7.1334
7.1341
7.1344
7.1342
7.1334
7.1321
7.1303
7.1280
7.1251
7.1218
7.1179
7.1134
7.1085
7.1030
7.0969
7.0904
7.0833
7.0756
7.0675
7.0588
7.0495
7.0398
7.0295
7.0186
7.0073
6.9954
6.9830
6.9701
6.9567
6.9427
6.9282
6.9133
6.8978
6.8818
6.8653
6.8484
6.8309
6.8130
6.7945
6.7756
6.7563
6.7364
6.7162
6.6954
6.6742
6.6526
6.6306
6.6081
6.5852
6.5619
6.5382
6.5142
6.4897
6.4649
6.4396
6.4141
6.3882
6.3619
6.3353
6.3084
6.2812
6.2537
6.2259
6.1978
6.1694
6.1408
6.1119
6.0828
6.0535
6.0240
5.9942
5.9643
5.9341
5.9038
5.8734
5.8428
5.8121
5.7812
5.7502
5.7192
5.6880
5.6568
5.6255
5.5942
5.5628
5.5314
5.5000
5.4686
5.4372
5.4058
5.3745
5.3432
5.3120
5.2808
5.2498
5.2188
5.1879
5.1572
5.1266
5.0962
5.0659
5.0357
5.0058
4.9760
4.9465
4.9172
4.8881
4.8592
4.8306
4.8022
4.7741
4.7463
4.7188
4.6916
4.6647
4.6381
4.6118
4.5859
4.5604
4.5351
4.5103
4.4858
4.4618
4.4381
4.4148
4.3919
4.3694
4.3474
4.3258
4.3046
4.2838
4.2636
4.2437
4.2244
4.2055
4.1870
4.1691
4.1516
4.1347
4.1182
4.1022
4.0867
4.0718
4.0573
4.0433
4.0299
4.0170
4.0046
3.9927
3.9814
3.9705
3.9602
3.9505
3.9412
3.9325
3.9244
3.9167
3.9096
3.9031
3.8970
3.8915
3.8866
3.8821
3.8782
3.8749
3.8720
3.8697
3.8679
3.8666
3.8658
3.8656
3.8659
3.8666
3.8679
3.8697
3.8720
3.8748
3.8781
3.8819
3.8862
3.8909
3.8962
3.9019
3.9081
3.9147
3.9218
3.9294
3.9374
3.9458
3.9547
3.9641
3.9738
3.9840
3.9946
4.0057
4.0171
4.0289
4.0412
4.0538
4.0668
4.0802
4.0940
4.1081
4.1226
4.1374
4.1526
4.1681
4.1840
4.2002
4.2167
4.2336
4.2507
4.2682
4.2860
4.3040
4.3224
4.3410
4.3599
4.3791
4.3985
4.4182
4.4381
4.4583
4.4787
4.4993
4.5202
4.5413
4.5626
4.5841
4.6058
4.6278
4.6499
4.6721
4.6946
4.7172
4.7400
4.7630
4.7861
4.8094
4.8328
4.8563
4.8800
4.9038
4.9278
4.9518
4.9760
5.0003
5.0246
5.0491
5.0736
5.0983
5.1230
5.1478
5.1727
5.1976
5.2226
5.2476
5.2727
5.2979
5.3231
5.3483
5.3735
5.3988
5.4241
5.4494
5.4747
5.5000
5.5253
5.5506
5.5759
5.6012
5.6265
5.6517
5.6769
5.7021
5.7273
5.7524
5.7774
5.8024
5.8273
5.8522
5.8770
5.9017
5.9264
5.9509
5.9754
5.9997
6.0240
6.0482
6.0722
6.0962
6.1200
6.1437
6.1672
6.1906
6.2139
6.2370
6.2600
6.2828
6.3054
6.3279
6.3501
6.3722
6.3942
6.4159
6.4374
6.4587
6.4798
6.5007
6.5213
6.5417
6.5619
6.5818
6.6015
6.6209
6.6401
6.6590
6.6776
6.6960
6.7140
6.7318
6.7493
6.7664
6.7833
6.7998
6.8160
6.8319
6.8474
6.8626
6.8774
6.8919
6.9060
6.9198
6.9332
6.9462
6.9588
6.9711
6.9829
6.9943
7.0054
7.0160
7.0262
7.0359
7.0453
7.0542
7.0626
7.0706
7.0782
7.0853
7.0919
7.0981
7.1038
7.1091
7.1138
7.1181
7.1219
7.1252
7.1280
7.1303
7.1321
7.1334
7.1341
7.1344
7.1342
7.1334
7.1321
7.1303
7.1280
7.1251
7.1218
7.1179
7.1134
7.1085
7.1030
7.0969
7.0904
7.0833
7.0756
7.0675
7.0588
7.0495
7.0398
7.0295
7.0186
7.0073
6.9954
6.9830
6.9701
6.9567
6.9427
6.9282
6.9133
6.8978
6.8818
6.8653
6.8484
6.8309
6.8130
6.7945
6.7756
6.7563
6.7364
6.7162
6.6954
6.6742
6.6526
6.6306
6.6081
6.5852
6.5619
6.5382
6.5142
6.4897
6.4649
6.4396
6.4141
6.3882
6.3619
6.3353
6.3084
6.2812
6.2537
6.2259
6.1978
6.1694
6.1408
6.1119
6.0828
6.0535
6.0240
5.9942
5.9643
5.9341
5.9038
5.8734
5.8428
5.8121
5.7812
5.7502
5.7192
5.6880
5.6568
5.6255
5.5942
5.5628
5.5314
5.5000
5.4686
5.4372
5.4058
5.3745
5.3432
5.3120
5.2808
5.2498
5.2188
5.1879
5.1572
5.1266
5.0962
5.0659
5.0357
5.0058
4.9760
4.9465
4.9172
4.8881
4.8592
4.8306
4.8022
4.7741
4.7463
4.7188
4.6916
4.6647
4.6381
4.6118
4.5859
4.5604
4.5351
4.5103
4.4858
4.4618
4.4381
4.4148
4.3919
4.3694
4.3474
4.3258
4.3046
4.2838
4.2636
4.2437
4.2244
4.2055
4.1870
4.1691
4.1516
4.1347
4.1182
4.1022
4.0867
4.0718
4.0573
4.0433
4.0299
4.0170
4.0046
3.9927
3.9814
3.9705
3.9602
3.9505
3.9412
3.9325
3.9244
3.9167
3.9096
3.9031
3.8970
3.8915
3.8866
3.8821
3.8782
3.8749
3.8720
3.8697
3.8679
3.8666
3.8658
3.8656
3.8659
3.8666
3.8679
3.8697
3.8720
3.8748
3.8781
3.8819
3.8862
3.8909
3.8962
3.9019
3.9081
3.9147
3.9218
3.9294
3.9374
3.9458
3.9547
3.9641
3.9738
3.9840
3.9946
4.0057
4.0171
4.0289
4.0412
4.0538
4.0668
4.0802
4.0940
4.1081
4.1226
4.1374
4.1526
4.1681
4.1840
4.2002
4.2167
4.2336
4.2507
4.2682
4.2860
4.3040
4.3224
4.3410
4.3599
4.3791
4.3985
4.4182
4.4381
4.4583
4.4787
4.4993
4.5202
4.5413
4.5626
4.5841
4.6058
4.6278
4.6499
4.6721
4.6946
4.7172
4.7400
4.7630
4.7861
4.8094
4.8328
4.8563
4.8800
4.9038
4.9278
4.9518
4.9760
5.0003
5.0246
5.0491
5.0736
5.0983
5.1230
5.1478
5.1727
5.1976
5.2226
5.2476
5.2727
5.2979
5.3231
5.3483
5.3735
5.3988
5.4241
5.4494
5.4747
5.5000
5.5253
5.5506
5.5759
5.6012
5.6265
5.6517
5.6769
5.7021
5.7273
5.7524
5.7774
5.8024
5.8273
5.8522
5.8770
5.9017
5.9264
5.9509
5.9754
5.9997
6.0240
6.0482
6.0722
6.0962
6.1200
6.1437
6.1672
6.1906
6.2139
6.2370
6.2600
6.2828
6.3054
6.3279
6.3501
6.3722
6.3942
6.4159
6.4374
6.4587
6.4798
6.5007
6.5213
6.5417
6.5619
6.5818
6.6015
6.6209
6.6401
6.6590
6.6776
6.6960
6.7140
6.7318
6.7493
6.7664
6.7833
6.7998
6.8160
6.8319
6.8474
6.8626
6.8774
6.8919
6.9060
6.9198
6.9332
6.9462
6.9588
6.9711
6.9829
6.9943
7.0054
7.0160
7.0262
7.0359
7.0453
7.0542
7.0626
7.0706
7.0782
7.0853
7.0919
7.0981
7.1038
7.1091
7.1138
7.1181
7.1219
7.1252
7.1280
7.1303
7.1321
7.1334
7.1341
7.1344
7.1342
7.1334
7.1321
7.1303
7.1280
7.1251
7.1218
7.1179
7.1134
7.1085
7.1030
7.0969
7.0904
7.0833
7.0756
7.0675
7.0588
7.0495
7.0398
7.0295
7.0186
7.0073
6.9954
6.9830
6.9701
6.9567
6.9427
6.9282
6.9133
6.8978
6.8818
6.8653
6.8484
6.8309
6.8130
6.7945
6.7756
6.7563
6.7364
6.7162
6.6954
6.6742
6.6526
6.6306
6.6081
6.5852
6.5619
6.5382
6.5142
6.4897
6.4649
6.4396
6.4141
6.3882
6.3619
6.3353
6.3084
6.2812
6.2537
6.2259
6.1978
6.1694
6.1408
6.1119
6.0828
6.0535
6.0240
5.9942
5.9643
5.9341
5.9038
5.8734
5.8428
5.8121
5.7812
5.7502
5.7192
5.6880
5.6568
5.6255
5.5942
5.5628
5.5314
5.5000
5.4686
5.4372
5.4058
5.3745
5.3432
5.3120
5.2808
5.2498
5.2188
5.1879
5.1572
5.1266
5.0962
5.0659
5.0357
5.0058
4.9760
4.9465
4.9172
4.8881
4.8592
4.8306
4.8022
4.7741
4.7463
4.7188
4.6916
4.6647
4.6381
4.6118
4.5859
4.5604
4.5351
4.5103
4.4858
4.4618
4.4381
4.4148
4.3919
4.3694
4.3474
4.3258
4.3046
4.2838
4.2636
4.2437
4.2244
4.2055
4.1870
4.1691
4.1516
4.1347
4.1182
4.1022
4.0867
4.0718
4.0573
4.0433
4.0299
4.0170
4.0046
3.9927
3.9814
3.9705
3.9602
3.9505
3.9412
3.9325
3.9244
3.9167
3.9096
3.9031
3.8970
3.8915
3.8866
3.8821
3.8782
3.8749
3.8720
3.8697
3.8679
3.8666
3.8658
3.8656
3.8659
3.8666
3.8679
3.8697
3.8720
3.8748
3.8781
3.8819
3.8862
3.8909
3.8962
3.9019
3.9081
3.9147
3.9218
3.9294
3.9374
3.9458
3.9547
3.9641
3.9738
3.9840
3.9946
4.0057
4.0171
4.0289
4.0412
4.0538
4.0668
4.0802
4.0940
4.1081
4.1226
4.1374
4.1526
4.1681
4.1840
4.2002
4.2167
4.2336
4.2507
4.2682
4.2860
4.3040
4.3224
4.3410
4.3599
4.3791
4.3985
4.4182
4.4381
4.4583
4.4787
4.4993
4.5202
4.5413
4.5626
4.5841
4.6058
4.6278
4.6499
4.6721
4.6946
4.7172
4.7400
4.7630
4.7861
4.8094
4.8328
4.8563
4.8800
4.9038
4.9278
4.9518
4.9760
5.0003
5.0246
5.0491
5.0736
5.0983
5.1230
5.1478
5.1727
5.1976
5.2226
5.2476
5.2727
5.2979
5.3231
5.3483
5.3735
5.3988
5.4241
5.4494
5.4747
5.5000
5.5253
5.5506
5.5759
5.6012
5.6265
5.6517
5.6769
5.7021
5.7273
5.7524
5.7774
5.8024
5.8273
5.8522
5.8770
5.9017
5.9264
5.9509
5.9754
5.9997
6.0240
6.0482
6.0722
6.0962
6.1200
6.1437
6.1672
6.1906
6.2139
6.2370
6.2600
6.2828
6.3054
6.3279
6.3501
6.3722
6.3942
6.4159
6.4374
6.4587
6.4798
6.5007
6.5213
6.5417
6.5619
6.5818
6.6015
6.6209
6.6401
6.6590
6.6776
6.6960
6.7140
6.7318
6.7493
6.7664
6.7833
6.7998
6.8160
6.8319
6.8474
6.8626
6.8774
6.8919
6.9060
6.9198
6.9332
6.9462
6.9588
6.9711
6.9829
6.9943
7.0054
7.0160
7.0262
7.0359
7.0453
7.0542
7.0626
7.0706
7.0782
7.0853
7.0919
7.0981
7.1038
7.1091
7.1138
7.1181
7.1219
7.1252
7.1280
7.1303
7.1321
7.1334
7.1341
7.1344
7.1342
7.1334
7.1321
7.1303
7.1280
7.1251
7.1218
7.1179
7.1134
7.1085
7.1030
7.0969
7.0904
7.0833
7.0756
7.0675
7.0588
7.0495
7.0398
7.0295
7.0186
7.0073
6.9954
6.9830
6.9701
6.9567
6.9427
6.9282
6.9133
6.8978
6.8818
6.8653
6.8484
6.8309
6.8130
6.7945
6.7756
6.7563
6.7364
6.7162
6.6954
6.6742
6.6526
6.6306
6.6081
6.5852
6.5619
6.5382
6.5142
6.4897
6.4649
6.4396
6.4141
6.3882
6.3619
6.3353
6.3084
6.2812
6.2537
6.2259
6.1978
6.1694
6.1408
6.1119
6.0828
6.0535
6.0240
5.9942
5.9643
5.9341
5.9038
5.8734
5.8428
5.8121
5.7812
5.7502
5.7192
5.6880
5.6568
5.6255
5.5942
5.5628
5.5314
5.5000
5.4686
5.4372
5.4058
5.3745
5.3432
5.3120
5.2808
5.2498
5.2188
5.1879
5.1572
5.1266
5.0962
5.0659
5.0357
5.0058
4.9760
4.9465
4.9172
4.8881
4.8592
4.8306
4.8022
4.7741
4.7463
4.7188
4.6916
4.6647
4.6381
4.6118
4.5859
4.5604
4.5351
4.5103
4.4858
4.4618
4.4381
4.4148
4.3919
4.3694
4.3474
4.3258
4.3046
4.2838
4.2636
4.2437
4.2244
4.2055
4.1870
4.1691
4.1516
4.1347
4.1182
4.1022
4.0867
4.0718
4.0573
4.0433
4.0299
4.0170
4.0046
3.9927
3.9814
3.9705
3.9602
3.9505
3.9412
3.9325
3.9244
3.9167
3.9096
3.9031
3.8970
3.8915
3.8866
3.8821
3.8782
3.8749
3.8720
3.8697
3.8679
3.8666
3.8658
3.8656
3.8659
3.8666
3.8679
3.8697
3.8720
3.8748
3.8781
3.8819
3.8862
3.8909
3.8962
3.9019
3.9081
3.9147
3.9218
3.9294
3.9374
3.9458
3.9547
3.9641
3.9738
3.9840
3.9946
4.0057
4.0171
4.0289
4.0412
4.0538
4.0668
4.0802
4.0940
4.1081
4.1226
4.1374
4.1526
4.1681
4.1840
4.2002
4.2167
4.2336
4.2507
4.2682
4.2860
4.3040
4.3224
4.3410
4.3599
4.3791
4.3985
4.4182
4.4381
4.4583
4.4787
4.4993
4.5202
4.5413
4.5626
4.5841
4.6058
4.6278
4.6499
4.6721
4.6946
4.7172
4.7400
4.7630
4.7861
4.8094
4.8328
4.8563
4.8800
4.9038
4.9278
4.9518
4.9760
5.0003
5.0246
5.0491
5.0736
5.0983
5.1230
5.1478
5.1727
5.1976
5.2226
5.2476
5.2727
5.2979
5.3231
5.3483
5.3735
5.3988
5.4241
5.4494
5.4747
5.5000
5.5253
5.5506
5.5759
5.6012
5.6265
5.6517
5.6769
5.7021
5.7273
5.7524
5.7774
5.8024
5.8273
5.8522
5.8770
5.9017
5.9264
5.9509
5.9754
5.9997
6.0240
6.0482
6.0722
6.0962
6.1200
6.1437
6.1672
6.1906
6.2139
6.2370
6.2600
6.2828
6.3054
6.3279
6.3501
6.3722
6.3942
6.4159
6.4374
6.4587
6.4798
6.5007
6.5213
6.5417
6.5619
6.5818
6.6015
6.6209
6.6401
6.6590
6.6776
6.6960
6.7140
6.7318
6.7493
6.7664
6.7833
6.7998
6.8160
6.8319
6.8474
6.8626
6.8774
6.8919
6.9060
6.9198
6.9332
6.9462
6.9588
6.9711
6.9829
6.9943
7.0054
7.0160
7.0262
7.0359
7.0453
7.0542
7.0626
7.0706
7.0782
7.0853
7.0919
7.0981
7.1038
7.1091
7.1138
7.1181
7.1219
7.1252
7.1280
7.1303
7.1321
7.1334
7.1341
7.1344
7.1342
7.1334
7.1321
7.1303
7.1280
7.1251
7.1218
7.1179
7.1134
7.1085
7.1030
7.0969
7.0904
7.0833
7.0756
7.0675
7.0588
7.0495
7.0398
7.0295
7.0186
7.0073
6.9954
6.9830
6.9701
6.9567
6.9427
6.9282
6.9133
6.8978
6.8818
6.8653
6.8484
6.8309
6.8130
6.7945
6.7756
6.7563
6.7364
6.7162
6.6954
6.6742
6.6526
6.6306
6.6081
6.5852
6.5619
6.5382
6.5142
6.4897
6.4649
6.4396
6.4141
6.3882
6.3619
6.3353
6.3084
6.2812
6.2537
6.2259
6.1978
6.1694
6.1408
6.1119
6.0828
6.0535
6.0240
5.9942
5.9643
5.9341
5.9038
5.8734
5.8428
5.8121
5.7812
5.7502
5.7192
5.6880
5.6568
5.6255
5.5942
5.5628
5.5314
5.5000
5.4686
5.4372
5.4058
5.3745
5.3432
5.3120
5.2808
5.2498
5.2188
5.1879
5.1572
5.1266
5.0962
5.0659
5.0357
5.0058
4.9760
4.9465
4.9172
4.8881
4.8592
4.8306
4.8022
4.7741
4.7463
4.7188
4.6916
4.6647
4.6381
4.6118
4.5859
4.5604
4.5351
4.5103
4.4858
4.4618
4.4381
4.4148
4.3919
4.3694
4.3474
4.3258
4.3046
4.2838
4.2636
4.2437
4.2244
4.2055
4.1870
4.1691
4.1516
4.1347
4.1182
4.1022
4.0867
4.0718
4.0573
4.0433
4.0299
4.0170
4.0046
3.9927
3.9814
3.9705
3.9602
3.9505
3.9412
3.9325
3.9244
3.9167
3.9096
3.9031
3.8970
3.8915
3.8866
3.8821
3.8782
3.8749
3.8720
3.8697
3.8679
3.8666
3.8658
3.8656
3.8659
3.8666
3.8679
3.8697
3.8720
3.8748
3.8781
3.8819
3.8862
3.8909
3.8962
3.9019
3.9081
3.9147
3.9218
3.9294
3.9374
3.9458
3.9547
3.9641
3.9738
3.9840
3.9946
4.0057
4.0171
4.0289
4.0412
4.0538
4.0668
4.0802
4.0940
4.1081
4.1226
4.1374
4.1526
4.1681
4.1840
4.2002
4.2167
4.2336
4.2507
4.2682
4.2860
4.3040
4.3224
4.3410
4.3599
4.3791
4.3985
4.4182
4.4381
4.4583
4.4787
4.4993
4.5202
4.5413
4.5626
4.5841
4.6058
4.6278
4.6499
4.6721
4.6946
4.7172
4.7400
4.7630
4.7861
4.8094
4.8328
4.8563
4.8800
4.9038
4.9278
4.9518
4.9760
5.0003
5.0246
5.0491
5.0736
5.0983
5.1230
5.1478
5.1727
5.1976
5.2226
5.2476
5.2727
5.2979
5.3231
5.3483
5.3735
5.3988
5.4241
5.4494
5.4747
5.5000
5.5253
5.5506
5.5759
5.6012
5.6265
5.6517
5.6769
5.7021
5.7273
5.7524
5.7774
5.8024
5.8273
5.8522
5.8770
5.9017
5.9264
5.9509
5.9754
5.9997
6.0240
6.0482
6.0722
6.0962
6.1200
6.1437
6.1672
6.1906
6.2139
6.2370
6.2600
6.2828
6.3054
6.3279
6.3501
6.3722
6.3942
6.4159
6.4374
6.4587
6.4798
6.5007
6.5213
6.5417
6.5619
6.5818
6.6015
6.6209
6.6401
6.6590
6.6776
6.6960
6.7140
6.7318
6.7493
6.7664
6.7833
6.7998
6.8160
6.8319
6.8474
6.8626
6.8774
6.8919
6.9060
6.9198
6.9332
6.9462
6.9588
6.9711
6.9829
6.9943
7.0054
7.0160
7.0262
7.0359
7.0453
7.0542
7.0626
7.0706
7.0782
7.0853
7.0919
7.0981
7.1038
7.1091
7.1138
7.1181
7.1219
7.1252
7.1280
7.1303
7.1321
7.1334
7.1341
7.1344
7.1342
7.1334
7.1321
7.1303
7.1280
7.1251
7.1218
7.1179
7.1134
7.1085
7.1030
7.0969
7.0904
7.0833
7.0756
7.0675
7.0588
7.0495
7.0398
7.0295
7.0186
7.0073
6.9954
6.9830
6.9701
6.9567
6.9427
6.9282
6.9133
6.8978
6.8818
6.8653
6.8484
6.8309
6.8130
6.7945
6.7756
6.7563
6.7364
6.7162
6.6954
6.6742
6.6526
6.6306
6.6081
6.5852
6.5619
6.5382
6.5142
6.4897
6.4649
6.4396
6.4141
6.3882
6.3619
6.3353
6.3084
6.2812
6.2537
6.2259
6.1978
6.1694
6.1408
6.1119
6.0828
6.0535
6.0240
5.9942
5.9643
5.9341
5.9038
5.8734
5.8428
5.8121
5.7812
5.7502
5.7192
5.6880
5.6568
5.6255
5.5942
5.5628
5.5314
5.5000
5.4686
5.4372
5.4058
5.3745
5.3432
5.3120
5.2808
5.2498
5.2188
5.1879
5.1572
5.1266
5.0962
5.0659
5.0357
5.0058
4.9760
4.9465
4.9172
4.8881
4.8592
4.8306
4.8022
4.7741
4.7463
4.7188
4.6916
4.6647
4.6381
4.6118
4.5859
4.5604
4.5351
4.5103
4.4858
4.4618
4.4381
4.4148
4.3919
4.3694
4.3474
4.3258
4.3046
4.2838
4.2636
4.2437
4.2244
4.2055
4.1870
4.1691
4.1516
4.1347
4.1182
4.1022
4.0867
4.0718
4.0573
4.0433
4.0299
4.0170
4.0046
3.9927
3.9814
3.9705
3.9602
3.9505
3.9412
3.9325
3.9244
3.9167
3.9096
3.9031
3.8970
3.8915
3.8866
3.8821
3.8782
3.8749
3.8720
3.8697
3.8679
3.8666
3.8658
3.8656
3.8659
3.8666
3.8679
3.8697
3.8720
3.8748
3.8781
3.8819
3.8862
3.8909
3.8962
3.9019
3.9081
3.9147
3.9218
3.9294
3.9374
3.9458
3.9547
3.9641
3.9738
3.9840
3.9946
4.0057
4.0171
4.0289
4.0412
4.0538
4.0668
4.0802
4.0940
4.1081
4.1226
4.1374
4.1526
4.1681
4.1840
4.2002
4.2167
4.2336
4.2507
4.2682
4.2860
4.3040
4.3224
4.3410
4.3599
4.3791
4.3985
4.4182
4.4381
4.4583
4.4787
4.4993
4.5202
4.5413
4.5626
4.5841
4.6058
4.6278
4.6499
4.6721
4.6946
4.7172
4.7400
4.7630
4.7861
4.8094
4.8328
4.8563
4.8800
4.9038
4.9278
4.9518
4.9760
5.0003
5.0246
5.0491
5.0736
5.0983
5.1230
5.1478
5.1727
5.1976
5.2226
5.2476
5.2727
5.2979
5.3231
5.3483
5.3735
5.3988
5.4241
5.4494
5.4747
5.5000
5.5253
5.5506
5.5759
5.6012
5.6265
5.6517
5.6769
5.7021
5.7273
5.7524
5.7774
5.8024
5.8273
5.8522
5.8770
5.9017
5.9264
5.9509
5.9754
5.9997
6.0240
6.0482
6.0722
6.0962
6.1200
6.1437
6.1672
6.1906
6.2139
6.2370
6.2600
6.2828
6.3054
6.3279
6.3501
6.3722
6.3942
6.4159
6.4374
6.4587
6.4798
6.5007
6.5213
6.5417
6.5619
6.5818
6.6015
6.6209
6.6401
6.6590
6.6776
6.6960
6.7140
6.7318
6.7493
6.7664
6.7833
6.7998
6.8160
6.8319
6.8474
6.8626
6.8774
6.8919
6.9060
6.9198
6.9332
6.9462
6.9588
6.9711
6.9829
6.9943
7.0054
7.0160
7.0262
7.0359
7.0453
7.0542
7.0626
7.0706
7.0782
7.0853
7.0919
7.0981
7.1038
7.1091
7.1138
7.1181
7.1219
7.1252
7.1280
7.1303
7.1321
7.1334
7.1341
7.1344
7.1342
7.1334
7.1321
7.1303
7.1280
7.1251
7.1218
7.1179
7.1134
7.1085
7.1030
7.0969
7.0904
7.0833
7.0756
7.0675
7.0588
7.0495
7.0398
7.0295
7.0186
7.0073
6.9954
6.9830
6.9701
6.9567
6.9427
6.9282
6.9133
6.8978
6.8818
6.8653
6.8484
6.8309
6.8130
6.7945
6.7756
6.7563
6.7364
6.7162
6.6954
6.6742
6.6526
6.6306
6.6081
6.5852
6.5619
6.5382
6.5142
6.4897
6.4649
6.4396
6.4141
6.3882
6.3619
6.3353
6.3084
6.2812
6.2537
6.2259
6.1978
6.1694
6.1408
6.1119
6.0828
6.0535
6.0240
5.9942
5.9643
5.9341
5.9038
5.8734
5.8428
5.8121
5.7812
5.7502
5.7192
5.6880
5.6568
5.6255
5.5942
5.5628
5.5314
5.5000
5.4686
5.4372
5.4058
5.3745
5.3432
5.3120
5.2808
5.2498
5.2188
5.1879
5.1572
5.1266
5.0962
5.0659
5.0357
5.0058
4.9760
4.9465
4.9172
4.8881
4.8592
4.8306
4.8022
4.7741
4.7463
4.7188
4.6916
4.6647
4.6381
4.6118
4.5859
4.5604
4.5351
4.5103
4.4858
4.4618
4.4381
4.4148
4.3919
4.3694
4.3474
4.3258
4.3046
4.2838
4.2636
4.2437
4.2244
4.2055
4.1870
4.1691
4.1516
4.1347
4.1182
4.1022
4.0867
4.0718
4.0573
4.0433
4.0299
4.0170
4.0046
3.9927
3.9814
3.9705
3.9602
3.9505
3.9412
3.9325
3.9244
3.9167
3.9096
3.9031
3.8970
3.8915
3.8866
3.8821
3.8782
3.8749
3.8720
3.8697
3.8679
3.8666
3.8658
3.8656
3.8659
3.8666
3.8679
3.8697
3.8720
3.8748
3.8781
3.8819
3.8862
3.8909
3.8962
3.9019
3.9081
3.9147
3.9218
3.9294
3.9374
3.9458
3.9547
3.9641
3.9738
3.9840
3.9946
4.0057
4.0171
4.0289
4.0412
4.0538
4.0668
4.0802
4.0940
4.1081
4.1226
4.1374
4.1526
4.1681
4.1840
4.2002
4.2167
4.2336
4.2507
4.2682
4.2860
4.3040
4.3224
4.3410
4.3599
4.3791
4.3985
4.4182
4.4381
4.4583
4.4787
4.4993
4.5202
4.5413
4.5626
4.5841
4.6058
4.6278
4.6499
4.6721
4.6946
4.7172
4.7400
4.7630
4.7861
4.8094
4.8328
4.8563
4.8800
4.9038
4.9278
4.9518
4.9760
5.0003
5.0246
5.0491
5.0736
5.0983
5.1230
5.1478
5.1727
5.1976
5.2226
5.2476
5.2727
5.2979
5.3231
5.3483
5.3735
5.3988
5.4241
5.4494
5.4747
5.5000
5.5253
5.5506
5.5759
5.6012
5.6265
5.6517
5.6769
5.7021
5.7273
5.7524
5.7774
5.8024
5.8273
5.8522
5.8770
5.9017
5.9264
5.9509
5.9754
5.9997
6.0240
6.0482
6.0722
6.0962
6.1200
6.1437
6.1672
6.1906
6.2139
6.2370
6.2600
6.2828
6.3054
6.3279
6.3501
6.3722
6.3942
6.4159
6.4374
6.4587
6.4798
6.5007
6.5213
6.5417
6.5619
6.5818
6.6015
6.6209
6.6401
6.6590
6.6776
6.6960
6.7140
6.7318
6.7493
6.7664
6.7833
6.7998
6.8160
6.8319
6.8474
6.8626
6.8774
6.8919
6.9060
6.9198
6.9332
6.9462
6.9588
6.9711
6.9829
6.9943
7.0054
7.0160
7.0262
7.0359
7.0453
7.0542
7.0626
7.0706
7.0782
7.0853
7.0919
7.0981
7.1038
7.1091
7.1138
7.1181
7.1219
7.1252
7.1280
7.1303
7.1321
7.1334
7.1341
7.1344
7.1342
7.1334
7.1321
7.1303
7.1280
7.1251
7.1218
7.1179
7.1134
7.1085
7.1030
7.0969
7.0904
7.0833
7.0756
7.0675
7.0588
7.0495
7.0398
7.0295
7.0186
7.0073
6.9954
6.9830
6.9701
6.9567
6.9427
6.9282
6.9133
6.8978
6.8818
6.8653
6.8484
6.8309
6.8130
6.7945
6.7756
6.7563
6.7364
6.7162
6.6954
6.6742
6.6526
6.6306
6.6081
6.5852
6.5619
6.5382
6.5142
6.4897
6.4649
6.4396
6.4141
6.3882
6.3619
6.3353
6.3084
6.2812
6.2537
6.2259
6.1978
6.1694
6.1408
6.1119
6.0828
6.0535
6.0240
5.9942
5.9643
5.9341
5.9038
5.8734
5.8428
5.8121
5.7812
5.7502
5.7192
5.6880
5.6568
5.6255
5.5942
5.5628
5.5314
5.5000
5.4686
5.4372
5.4058
5.3745
5.3432
5.3120
5.2808
5.2498
5.2188
5.1879
5.1572
5.1266
5.0962
5.0659
5.0357
5.0058
4.9760
4.9465
4.9172
4.8881
4.8592
4.8306
4.8022
4.7741
4.7463
4.7188
4.6916
4.6647
4.6381
4.6118
4.5859
4.5604
4.5351
4.5103
4.4858
4.4618
4.4381
4.4148
4.3919
4.3694
4.3474
4.3258
4.3046
4.2838
4.2636
4.2437
4.2244
4.2055
4.1870
4.1691
4.1516
4.1347
4.1182
4.1022
4.0867
4.0718
4.0573
4.0433
4.0299
4.0170
4.0046
3.9927
3.9814
3.9705
3.9602
3.9505
3.9412
3.9325
3.9244
3.9167
3.9096
3.9031
3.8970
3.8915
3.8866
3.8821
3.8782
3.8749
3.8720
3.8697
3.8679
3.8666
3.8658
3.8656
3.8659
3.8666
3.8679
3.8697
3.8720
3.8748
3.8781
3.8819
3.8862
3.8909
3.8962
3.9019
3.9081
3.9147
3.9218
3.9294
3.9374
3.9458
3.9547
3.9641
3.9738
3.9840
3.9946
4.0057
4.0171
4.0289
4.0412
4.0538
4.0668
4.0802
4.0940
4.1081
4.1226
4.1374
4.1526
4.1681
4.1840
4.2002
4.2167
4.2336
4.2507
4.2682
4.2860
4.3040
4.3224
4.3410
4.3599
4.3791
4.3985
4.4182
4.4381
4.4583
4.4787
4.4993
4.5202
4.5413
4.5626
4.5841
4.6058
4.6278
4.6499
4.6721
4.6946
4.7172
4.7400
4.7630
4.7861
4.8094
4.8328
4.8563
4.8800
4.9038
4.9278
4.9518
4.9760
5.0003
5.0246
5.0491
5.0736
5.0983
5.1230
5.1478
5.1727
5.1976
5.2226
5.2476
5.2727
5.2979
5.3231
5.3483
5.3735
5.3988
5.4241
5.4494
5.4747
5.5000
5.5253
5.5506
5.5759
5.6012
5.6265
5.6517
5.6769
5.7021
5.7273
5.7524
5.7774
5.8024
5.8273
5.8522
5.8770
5.9017
5.9264
5.9509
5.9754
5.9997
6.0240
6.0482
6.0722
6.0962
6.1200
6.1437
6.1672
6.1906
6.2139
6.2370
6.2600
6.2828
6.3054
6.3279
6.3501
6.3722
6.3942
6.4159
6.4374
6.4587
6.4798
6.5007
6.5213
6.5417
6.5619
6.5818
6.6015
6.6209
6.6401
6.6590
6.6776
6.6960
6.7140
6.7318
6.7493
6.7664
6.7833
6.7998
6.8160
6.8319
6.8474
6.8626
6.8774
6.8919
6.9060
6.9198
6.9332
6.9462
6.9588
6.9711
6.9829
6.9943
7.0054
7.0160
7.0262
7.0359
7.0453
7.0542
7.0626
7.0706
7.0782
7.0853
7.0919
7.0981
7.1038
7.1091
7.1138
7.1181
7.1219
7.1252
7.1280
7.1303
7.1321
7.1334
7.1341
7.1344
7.1342
7.1334
7.1321
7.1303
7.1280
7.1251
7.1218
7.1179
7.1134
7.1085
7.1030
7.0969
7.0904
7.0833
7.0756
7.0675
7.0588
7.0495
7.0398
7.0295
7.0186
7.0073
6.9954
6.9830
6.9701
6.9567
6.9427
6.9282
6.9133
6.8978
6.8818
6.8653
6.8484
6.8309
6.8130
6.7945
6.7756
6.7563
6.7364
6.7162
6.6954
6.6742
6.6526
6.6306
6.6081
6.5852
6.5619
6.5382
6.5142
6.4897
6.4649
6.4396
6.4141
6.3882
6.3619
6.3353
6.3084
6.2812
6.2537
6.2259
6.1978
6.1694
6.1408
6.1119
6.0828
6.0535
6.0240
5.9942
5.9643
5.9341
5.9038
5.8734
5.8428
5.8121
5.7812
5.7502
5.7192
5.6880
5.6568
5.6255
5.5942
5.5628
5.5314
5.5000
5.4686
5.4372
5.4058
5.3745
5.3432
5.3120
5.2808
5.2498
5.2188
5.1879
5.1572
5.1266
5.0962
5.0659
5.0357
5.0058
4.9760
4.9465
4.9172
4.8881
4.8592
4.8306
4.8022
4.7741
4.7463
4.7188
4.6916
4.6647
4.6381
4.6118
4.5859
4.5604
4.5351
4.5103
4.4858
4.4618
4.4381
4.4148
4.3919
4.3694
4.3474
4.3258
4.3046
4.2838
4.2636
4.2437
4.2244
4.2055
4.1870
4.1691
4.1516
4.1347
4.1182
4.1022
4.0867
4.0718
4.0573
4.0433
4.0299
4.0170
4.0046
3.9927
3.9814
3.9705
3.9602
3.9505
3.9412
3.9325
3.9244
3.9167
3.9096
3.9031
3.8970
3.8915
3.8866
3.8821
3.8782
3.8749
3.8720
3.8697
3.8679
3.8666
3.8658
3.8656
3.8659
3.8666
3.8679
3.8697
3.8720
3.8748
3.8781
3.8819
3.8862
3.8909
3.8962
3.9019
3.9081
3.9147
3.9218
3.9294
3.9374
3.9458
3.9547
3.9641
3.9738
3.9840
3.9946
4.0057
4.0171
4.0289
4.0412
4.0538
4.0668
4.0802
4.0940
4.1081
4.1226
4.1374
4.1526
4.1681
4.1840
4.2002
4.2167
4.2336
4.2507
4.2682
4.2860
4.3040
4.3224
4.3410
4.3599
4.3791
4.3985
4.4182
4.4381
4.4583
4.4787
4.4993
4.5202
4.5413
4.5626
4.5841
4.6058
4.6278
4.6499
4.6721
4.6946
4.7172
4.7400
4.7630
4.7861
4.8094
4.8328
4.8563
4.8800
4.9038
4.9278
4.9518
4.9760
5.0003
5.0246
5.0491
5.0736
5.0983
5.1230
5.1478
5.1727
5.1976
5.2226
5.2476
5.2727
5.2979
5.3231
5.3483
5.3735
5.3988
5.4241
5.4494
5.4747
5.5000
5.5253
5.5506
5.5759
5.6012
5.6265
5.6517
5.6769
5.7021
5.7273
5.7524
5.7774
5.8024
5.8273
5.8522
5.8770
5.9017
5.9264
5.9509
5.9754
5.9997
6.0240
6.0482
6.0722
6.0962
6.1200
6.1437
6.1672
6.1906
6.2139
6.2370
6.2600
6.2828
6.3054
6.3279
6.3501
6.3722
6.3942
6.4159
6.4374
6.4587
6.4798
6.5007
6.5213
6.5417
6.5619
6.5818
6.6015
6.6209
6.6401
6.6590
6.6776
6.6960
6.7140
6.7318
6.7493
6.7664
6.7833
6.7998
6.8160
6.8319
6.8474
6.8626
6.8774
6.8919
6.9060
6.9198
6.9332
6.9462
6.9588
6.9711
6.9829
6.9943
7.0054
7.0160
7.0262
7.0359
7.0453
7.0542
7.0626
7.0706
7.0782
7.0853
7.0919
7.0981
7.1038
7.1091
7.1138
7.1181
7.1219
7.1252
7.1280
7.1303
7.1321
7.1334
7.1341
7.1344
7.1342
7.1334
7.1321
7.1303
7.1280
7.1251
7.1218
7.1179
7.1134
7.1085
7.1030
7.0969
7.0904
7.0833
7.0756
7.0675
7.0588
7.0495
7.0398
7.0295
7.0186
7.0073
6.9954
6.9830
6.9701
6.9567
6.9427
6.9282
6.9133
6.8978
6.8818
6.8653
6.8484
6.8309
6.8130
6.7945
6.7756
6.7563
6.7364
6.7162
6.6954
6.6742
6.6526
6.6306
6.6081
6.5852
6.5619
6.5382
6.5142
6.4897
6.4649
6.4396
6.4141
6.3882
6.3619
6.3353
6.3084
6.2812
6.2537
6.2259
6.1978
6.1694
6.1408
6.1119
6.0828
6.0535
6.0240
5.9942
5.9643
5.9341
5.9038
5.8734
5.8428
5.8121
5.7812
5.7502
5.7192
5.6880
5.6568
5.6255
5.5942
5.5628
5.5314
5.5000
5.4686
5.4372
5.4058
5.3745
5.3432
5.3120
5.2808
5.2498
5.2188
5.1879
5.1572
5.1266
5.0962
5.0659
5.0357
5.0058
4.9760
4.9465
4.9172
4.8881
4.8592
4.8306
4.8022
4.7741
4.7463
4.7188
4.6916
4.6647
4.6381
4.6118
4.5859
4.5604
4.5351
4.5103
4.4858
4.4618
4.4381
4.4148
4.3919
4.3694
4.3474
4.3258
4.3046
4.2838
4.2636
4.2437
4.2244
4.2055
4.1870
4.1691
4.1516
4.1347
4.1182
4.1022
4.0867
4.0718
4.0573
4.0433
4.0299
4.0170
4.0046
3.9927
3.9814
3.9705
3.9602
3.9505
3.9412
3.9325
3.9244
3.9167
3.9096
3.9031
3.8970
3.8915
3.8866
3.8821
3.8782
3.8749
3.8720
3.8697
3.8679
3.8666
3.8658
3.8656
3.8659
3.8666
3.8679
3.8697
3.8720
3.8748
3.8781
3.8819
3.8862
3.8909
3.8962
3.9019
3.9081
3.9147
3.9218
3.9294
3.9374
3.9458
3.9547
3.9641
3.9738
3.9840
3.9946
4.0057
4.0171
4.0289
4.0412
4.0538
4.0668
4.0802
4.0940
4.1081
4.1226
4.1374
4.1526
4.1681
4.1840
4.2002
4.2167
4.2336
4.2507
4.2682
4.2860
4.3040
4.3224
4.3410
4.3599
4.3791
4.3985
4.4182
4.4381
4.4583
4.4787
4.4993
4.5202
4.5413
4.5626
4.5841
4.6058
4.6278
4.6499
4.6721
4.6946
4.7172
4.7400
4.7630
4.7861
4.8094
4.8328
4.8563
4.8800
4.9038
4.9278
4.9518
4.9760
5.0003
5.0246
5.0491
5.0736
5.0983
5.1230
5.1478
5.1727
5.1976
5.2226
5.2476
5.2727
5.2979
5.3231
5.3483
5.3735
5.3988
5.4241
5.4494
5.4747
5.5000
5.5253
5.5506
5.5759
5.6012
5.6265
5.6517
5.6769
5.7021
5.7273
5.7524
5.7774
5.8024
5.8273
5.8522
5.8770
5.9017
5.9264
5.9509
5.9754
5.9997
6.0240
6.0482
6.0722
6.0962
6.1200
6.1437
6.1672
6.1906
6.2139
6.2370
6.2600
6.2828
6.3054
6.3279
6.3501
6.3722
6.3942
6.4159
6.4374
6.4587
6.4798
6.5007
6.5213
6.5417
6.5619
6.5818
6.6015
6.6209
6.6401
6.6590
6.6776
6.6960
6.7140
6.7318
6.7493
6.7664
6.7833
6.7998
6.8160
6.8319
6.8474
6.8626
6.8774
6.8919
6.9060
6.9198
6.9332
6.9462
6.9588
6.9711
6.9829
6.9943
7.0054
7.0160
7.0262
7.0359
7.0453
7.0542
7.0626
7.0706
7.0782
7.0853
7.0919
7.0981
7.1038
7.1091
7.1138
7.1181
7.1219
7.1252
7.1280
7.1303
7.1321
7.1334
7.1341
7.1344
7.1342
7.1334
7.1321
7.1303
7.1280
7.1251
7.1218
7.1179
7.1134
7.1085
7.1030
7.0969
7.0904
7.0833
7.0756
7.0675
7.0588
7.0495
7.0398
7.0295
7.0186
7.0073
6.9954
6.9830
6.9701
6.9567
6.9427
6.9282
6.9133
6.8978
6.8818
6.8653
6.8484
6.8309
6.8130
6.7945
6.7756
6.7563
6.7364
6.7162
6.6954
6.6742
6.6526
6.6306
6.6081
6.5852
6.5619
6.5382
6.5142
6.4897
6.4649
6.4396
6.4141
6.3882
6.3619
6.3353
6.3084
6.2812
6.2537
6.2259
6.1978
6.1694
6.1408
6.1119
6.0828
6.0535
6.0240
5.9942
5.9643
5.9341
5.9038
5.8734
5.8428
5.8121
5.7812
5.7502
5.7192
5.6880
5.6568
5.6255
5.5942
5.5628
5.5314
5.5000
5.4686
5.4372
5.4058
5.3745
5.3432
5.3120
5.2808
5.2498
5.2188
5.1879
5.1572
5.1266
5.0962
5.0659
5.0357
5.0058
4.9760
4.9465
4.9172
4.8881
4.8592
4.8306
4.8022
4.7741
4.7463
4.7188
4.6916
4.6647
4.6381
4.6118
4.5859
4.5604
4.5351
4.5103
4.4858
4.4618
4.4381
4.4148
4.3919
4.3694
4.3474
4.3258
4.3046
4.2838
4.2636
4.2437
4.2244
4.2055
4.1870
4.1691
4.1516
4.1347
4.1182
4.1022
4.0867
4.0718
4.0573
4.0433
4.0299
4.0170
4.0046
3.9927
3.9814
3.9705
3.9602
3.9505
3.9412
3.9325
3.9244
3.9167
3.9096
3.9031
3.8970
3.8915
3.8866
3.8821
3.8782
3.8749
3.8720
3.8697
3.8679
3.8666
3.8658
3.8656
3.8659
3.8666
3.8679
3.8697
3.8720
3.8748
3.8781
3.8819
3.8862
3.8909
3.8962
3.9019
3.9081
3.9147
3.9218
3.9294
3.9374
3.9458
3.9547
3.9641
3.9738
3.9840
3.9946
4.0057
4.0171
4.0289
4.0412
4.0538
4.0668
4.0802
4.0940
4.1081
4.1226
4.1374
4.1526
4.1681
4.1840
4.2002
4.2167
4.2336
4.2507
4.2682
4.2860
4.3040
4.3224
4.3410
4.3599
4.3791
4.3985
4.4182
4.4381
4.4583
4.4787
4.4993
4.5202
4.5413
4.5626
4.5841
4.6058
4.6278
4.6499
4.6721
4.6946
4.7172
4.7400
4.7630
4.7861
4.8094
4.8328
4.8563
4.8800
4.9038
4.9278
4.9518
4.9760
5.0003
5.0246
5.0491
5.0736
5.0983
5.1230
5.1478
5.1727
5.1976
5.2226
5.2476
5.2727
5.2979
5.3231
5.3483
5.3735
5.3988
5.4241
5.4494
5.4747
5.5000
5.5253
5.5506
5.5759
5.6012
5.6265
5.6517
5.6769
5.7021
5.7273
5.7524
5.7774
5.8024
5.8273
5.8522
5.8770
5.9017
5.9264
5.9509
5.9754
5.9997
6.0240
6.0482
6.0722
6.0962
6.1200
6.1437
6.1672
6.1906
6.2139
6.2370
6.2600
6.2828
6.3054
6.3279
6.3501
6.3722
6.3942
6.4159
6.4374
6.4587
6.4798
6.5007
6.5213
6.5417
6.5619
6.5818
6.6015
6.6209
6.6401
6.6590
6.6776
6.6960
6.7140
6.7318
6.7493
6.7664
6.7833
6.7998
6.8160
6.8319
6.8474
6.8626
6.8774
6.8919
6.9060
6.9198
6.9332
6.9462
6.9588
6.9711
6.9829
6.9943
7.0054
7.0160
7.0262
7.0359
7.0453
7.0542
7.0626
7.0706
7.0782
7.0853
7.0919
7.0981
7.1038
7.1091
7.1138
7.1181
7.1219
7.1252
7.1280
7.1303
7.1321
7.1334
7.1341
7.1344
7.1342
7.1334
7.1321
7.1303
7.1280
7.1251
7.1218
7.1179
7.1134
7.1085
7.1030
7.0969
7.0904
7.0833
7.0756
7.0675
7.0588
7.0495
7.0398
7.0295
7.0186
7.0073
6.9954
6.9830
6.9701
6.9567
6.9427
6.9282
6.9133
6.8978
6.8818
6.8653
6.8484
6.8309
6.8130
6.7945
6.7756
6.7563
6.7364
6.7162
6.6954
6.6742
6.6526
6.6306
6.6081
6.5852
6.5619
6.5382
6.5142
6.4897
6.4649
6.4396
6.4141
6.3882
6.3619
6.3353
6.3084
6.2812
6.2537
6.2259
6.1978
6.1694
6.1408
6.1119
6.0828
6.0535
6.0240
5.9942
5.9643
5.9341
5.9038
5.8734
5.8428
5.8121
5.7812
5.7502
5.7192
5.6880
5.6568
5.6255
5.5942
5.5628
5.5314
5.5000
5.4686
5.4372
5.4058
5.3745
5.3432
5.3120
5.2808
5.2498
5.2188
5.1879
5.1572
5.1266
5.0962
5.0659
5.0357
5.0058
4.9760
4.9465
4.9172
4.8881
4.8592
4.8306
4.8022
4.7741
4.7463
4.7188
4.6916
4.6647
4.6381
4.6118
4.5859
4.5604
4.5351
4.5103
4.4858
4.4618
4.4381
4.4148
4.3919
4.3694
4.3474
4.3258
4.3046
4.2838
4.2636
4.2437
4.2244
4.2055
4.1870
4.1691
4.1516
4.1347
4.1182
4.1022
4.0867
4.0718
4.0573
4.0433
4.0299
4.0170
4.0046
3.9927
3.9814
3.9705
3.9602
3.9505
3.9412
3.9325
3.9244
3.9167
3.9096
3.9031
3.8970
3.8915
3.8866
3.8821
3.8782
3.8749
3.8720
3.8697
3.8679
3.8666
3.8658
3.8656
3.8659
3.8666
3.8679
3.8697
3.8720
3.8748
3.8781
3.8819
3.8862
3.8909
3.8962
3.9019
3.9081
3.9147
3.9218
3.9294
3.9374
3.9458
3.9547
3.9641
3.9738
3.9840
3.9946
4.0057
4.0171
4.0289
4.0412
4.0538
4.0668
4.0802
4.0940
4.1081
4.1226
4.1374
4.1526
4.1681
4.1840
4.2002
4.2167
4.2336
4.2507
4.2682
4.2860
4.3040
4.3224
4.3410
4.3599
4.3791
4.3985
4.4182
4.4381
4.4583
4.4787
4.4993
4.5202
4.5413
4.5626
4.5841
4.6058
4.6278
4.6499
4.6721
4.6946
4.7172
4.7400
4.7630
4.7861
4.8094
4.8328
4.8563
4.8800
4.9038
4.9278
4.9518
4.9760
5.0003
5.0246
5.0491
5.0736
5.0983
5.1230
5.1478
5.1727
5.1976
5.2226
5.2476
5.2727
5.2979
5.3231
5.3483
5.3735
5.3988
5.4241
5.4494
5.4747
5.5000
5.5253
5.5506
5.5759
5.6012
5.6265
5.6517
5.6769
5.7021
5.7273
5.7524
5.7774
5.8024
5.8273
5.8522
5.8770
5.9017
5.9264
5.9509
5.9754
5.9997
6.0240
6.0482
6.0722
6.0962
6.1200
6.1437
6.1672
6.1906
6.2139
6.2370
6.2600
6.2828
6.3054
6.3279
6.3501
6.3722
6.3942
6.4159
6.4374
6.4587
6.4798
6.5007
6.5213
6.5417
6.5619
6.5818
6.6015
6.6209
6.6401
6.6590
6.6776
6.6960
6.7140
6.7318
6.7493
6.7664
6.7833
6.7998
6.8160
6.8319
6.8474
6.8626
6.8774
6.8919
6.9060
6.9198
6.9332
6.9462
6.9588
6.9711
6.9829
6.9943
7.0054
7.0160
7.0262
7.0359
7.0453
7.0542
7.0626
7.0706
7.0782
7.0853
7.0919
7.0981
7.1038
7.1091
7.1138
7.1181
7.1219
7.1252
7.1280
7.1303
7.1321
7.1334
7.1341
7.1344
7.1342
7.1334
7.1321
7.1303
7.1280
7.1251
7.1218
7.1179
7.1134
7.1085
7.1030
7.0969
7.0904
7.0833
7.0756
7.0675
7.0588
7.0495
7.0398
7.0295
7.0186
7.0073
6.9954
6.9830
6.9701
6.9567
6.9427
6.9282
6.9133
6.8978
6.8818
6.8653
6.8484
6.8309
6.8130
6.7945
6.7756
6.7563
6.7364
6.7162
6.6954
6.6742
6.6526
6.6306
6.6081
6.5852
6.5619
6.5382
6.5142
6.4897
6.4649
6.4396
6.4141
6.3882
6.3619
6.3353
6.3084
6.2812
6.2537
6.2259
6.1978
6.1694
6.1408
6.1119
6.0828
6.0535
6.0240
5.9942
5.9643
5.9341
5.9038
5.8734
5.8428
5.8121
5.7812
5.7502
5.7192
5.6880
5.6568
5.6255
5.5942
5.5628
5.5314
5.5000
5.4686
5.4372
5.4058
5.3745
5.3432
5.3120
5.2808
5.2498
5.2188
5.1879
5.1572
5.1266
5.0962
5.0659
5.0357
5.0058
4.9760
4.9465
4.9172
4.8881
4.8592
4.8306
4.8022
4.7741
4.7463
4.7188
4.6916
4.6647
4.6381
4.6118
4.5859
4.5604
4.5351
4.5103
4.4858
4.4618
4.4381
4.4148
4.3919
4.3694
4.3474
4.3258
4.3046
4.2838
4.2636
4.2437
4.2244
4.2055
4.1870
4.1691
4.1516
4.1347
4.1182
4.1022
4.0867
4.0718
4.0573
4.0433
4.0299
4.0170
4.0046
3.9927
3.9814
3.9705
3.9602
3.9505
3.9412
3.9325
3.9244
3.9167
3.9096
3.9031
3.8970
3.8915
3.8866
3.8821
3.8782
3.8749
3.8720
3.8697
3.8679
3.8666
3.8658
3.8656
3.8659
3.8666
3.8679
3.8697
3.8720
3.8748
3.8781
3.8819
3.8862
3.8909
3.8962
3.9019
3.9081
3.9147
3.9218
3.9294
3.9374
3.9458
3.9547
3.9641
3.9738
3.9840
3.9946
4.0057
4.0171
4.0289
4.0412
4.0538
4.0668
4.0802
4.0940
4.1081
4.1226
4.1374
4.1526
4.1681
4.1840
4.2002
4.2167
4.2336
4.2507
4.2682
4.2860
4.3040
4.3224
4.3410
4.3599
4.3791
4.3985
4.4182
4.4381
4.4583
4.4787
4.4993
4.5202
4.5413
4.5626
4.5841
4.6058
4.6278
4.6499
4.6721
4.6946
4.7172
4.7400
4.7630
4.7861
4.8094
4.8328
4.8563
4.8800
4.9038
4.9278
4.9518
4.9760
5.0003
5.0246
5.0491
5.0736
5.0983
5.1230
5.1478
5.1727
5.1976
5.2226
5.2476
5.2727
5.2979
5.3231
5.3483
5.3735
5.3988
5.4241
5.4494
5.4747
5.5000
5.5253
5.5506
5.5759
5.6012
5.6265
5.6517
5.6769
5.7021
5.7273
5.7524
5.7774
5.8024
5.8273
5.8522
5.8770
5.9017
5.9264
5.9509
5.9754
5.9997
6.0240
6.0482
6.0722
6.0962
6.1200
6.1437
6.1672
6.1906
6.2139
6.2370
6.2600
6.2828
6.3054
6.3279
6.3501
6.3722
6.3942
6.4159
6.4374
6.4587
6.4798
6.5007
6.5213
6.5417
6.5619
6.5818
6.6015
6.6209
6.6401
6.6590
6.6776
6.6960
6.7140
6.7318
6.7493
6.7664
6.7833
6.7998
6.8160
6.8319
6.8474
6.8626
6.8774
6.8919
6.9060
6.9198
6.9332
6.9462
6.9588
6.9711
6.9829
6.9943
7.0054
7.0160
7.0262
7.0359
7.0453
7.0542
7.0626
7.0706
7.0782
7.0853
7.0919
7.0981
7.1038
7.1091
7.1138
7.1181
7.1219
7.1252
7.1280
7.1303
7.1321
7.1334
7.1341
7.1344
7.1342
7.1334
7.1321
7.1303
7.1280
7.1251
7.1218
7.1179
7.1134
7.1085
7.1030
7.0969
7.0904
7.0833
7.0756
7.0675
7.0588
7.0495
7.0398
7.0295
7.0186
7.0073
6.9954
6.9830
6.9701
6.9567
6.9427
6.9282
6.9133
6.8978
6.8818
6.8653
6.8484
6.8309
6.8130
6.7945
6.7756
6.7563
6.7364
6.7162
6.6954
6.6742
6.6526
6.6306
6.6081
6.5852
6.5619
6.5382
6.5142
6.4897
6.4649
6.4396
6.4141
6.3882
6.3619
6.3353
6.3084
6.2812
6.2537
6.2259
6.1978
6.1694
6.1408
6.1119
6.0828
6.0535
6.0240
5.9942
5.9643
5.9341
5.9038
5.8734
5.8428
5.8121
5.7812
5.7502
5.7192
5.6880
5.6568
5.6255
5.5942
5.5628
5.5314
5.5000
5.4686
5.4372
5.4058
5.3745
5.3432
5.3120
5.2808
5.2498
5.2188
5.1879
5.1572
5.1266
5.0962
5.0659
5.0357
5.0058
4.9760
4.9465
4.9172
4.8881
4.8592
4.8306
4.8022
4.7741
4.7463
4.7188
4.6916
4.6647
4.6381
4.6118
4.5859
4.5604
4.5351
4.5103
4.4858
4.4618
4.4381
4.4148
4.3919
4.3694
4.3474
4.3258
4.3046
4.2838
4.2636
4.2437
4.2244
4.2055
4.1870
4.1691
4.1516
4.1347
4.1182
4.1022
4.0867
4.0718
4.0573
4.0433
4.0299
4.0170
4.0046
3.9927
3.9814
3.9705
3.9602
3.9505
3.9412
3.9325
3.9244
3.9167
3.9096
3.9031
3.8970
3.8915
3.8866
3.8821
3.8782
3.8749
3.8720
3.8697
3.8679
3.8666
3.8658
3.8656
3.8659
3.8666
3.8679
3.8697
3.8720
3.8748
3.8781
3.8819
3.8862
3.8909
3.8962
3.9019
3.9081
3.9147
3.9218
3.9294
3.9374
3.9458
3.9547
3.9641
3.9738
3.9840
3.9946
4.0057
4.0171
4.0289
4.0412
4.0538
4.0668
4.0802
4.0940
4.1081
4.1226
4.1374
4.1526
4.1681
4.1840
4.2002
4.2167
4.2336
4.2507
4.2682
4.2860
4.3040
4.3224
4.3410
4.3599
4.3791
4.3985
4.4182
4.4381
4.4583
4.4787
4.4993
4.5202
4.5413
4.5626
4.5841
4.6058
4.6278
4.6499
4.6721
4.6946
4.7172
4.7400
4.7630
4.7861
4.8094
4.8328
4.8563
4.8800
4.9038
4.9278
4.9518
4.9760
5.0003
5.0246
5.0491
5.0736
5.0983
5.1230
5.1478
5.1727
5.1976
5.2226
5.2476
5.2727
5.2979
5.3231
5.3483
5.3735
5.3988
5.4241
5.4494
5.4747
5.5000
5.5253
5.5506
5.5759
5.6012
5.6265
5.6517
5.6769
5.7021
5.7273
5.7524
5.7774
5.8024
5.8273
5.8522
5.8770
5.9017
5.9264
5.9509
5.9754
5.9997
6.0240
6.0482
6.0722
6.0962
6.1200
6.1437
6.1672
6.1906
6.2139
6.2370
6.2600
6.2828
6.3054
6.3279
6.3501
6.3722
6.3942
6.4159
6.4374
6.4587
6.4798
6.5007
6.5213
6.5417
6.5619
6.5818
6.6015
6.6209
6.6401
6.6590
6.6776
6.6960
6.7140
6.7318
6.7493
6.7664
6.7833
6.7998
6.8160
6.8319
6.8474
6.8626
6.8774
6.8919
6.9060
6.9198
6.9332
6.9462
6.9588
6.9711
6.9829
6.9943
7.0054
7.0160
7.0262
7.0359
7.0453
7.0542
7.0626
7.0706
7.0782
7.0853
7.0919
7.0981
7.1038
7.1091
7.1138
7.1181
7.1219
7.1252
7.1280
7.1303
7.1321
7.1334
7.1341
7.1344
7.1342
7.1334
7.1321
7.1303
7.1280
7.1251
7.1218
7.1179
7.1134
7.1085
7.1030
7.0969
7.0904
7.0833
7.0756
7.0675
7.0588
7.0495
7.0398
7.0295
7.0186
7.0073
6.9954
6.9830
6.9701
6.9567
6.9427
6.9282
6.9133
6.8978
6.8818
6.8653
6.8484
6.8309
6.8130
6.7945
6.7756
6.7563
6.7364
6.7162
6.6954
6.6742
6.6526
6.6306
6.6081
6.5852
6.5619
6.5382
6.5142
6.4897
6.4649
6.4396
6.4141
6.3882
6.3619
6.3353
6.3084
6.2812
6.2537
6.2259
6.1978
6.1694
6.1408
6.1119
6.0828
6.0535
6.0240
5.9942
5.9643
5.9341
5.9038
5.8734
5.8428
5.8121
5.7812
5.7502
5.7192
5.6880
5.6568
5.6255
5.5942
5.5628
5.5314
5.5000
5.4686
5.4372
5.4058
5.3745
5.3432
5.3120
5.2808
5.2498
5.2188
5.1879
5.1572
5.1266
5.0962
5.0659
5.0357
5.0058
4.9760
4.9465
4.9172
4.8881
4.8592
4.8306
4.8022
4.7741
4.7463
4.7188
4.6916
4.6647
4.6381
4.6118
4.5859
4.5604
4.5351
4.5103
4.4858
4.4618
4.4381
4.4148
4.3919
4.3694
4.3474
4.3258
4.3046
4.2838
4.2636
4.2437
4.2244
4.2055
4.1870
4.1691
4.1516
4.1347
4.1182
4.1022
4.0867
4.0718
4.0573
4.0433
4.0299
4.0170
4.0046
3.9927
3.9814
3.9705
3.9602
3.9505
3.9412
3.9325
3.9244
3.9167
3.9096
3.9031
3.8970
3.8915
3.8866
3.8821
3.8782
3.8749
3.8720
3.8697
3.8679
3.8666
3.8658
3.8656
3.8659
3.8666
3.8679
3.8697
3.8720
3.8748
3.8781
3.8819
3.8862
3.8909
3.8962
3.9019
3.9081
3.9147
3.9218
3.9294
3.9374
3.9458
3.9547
3.9641
3.9738
3.9840
3.9946
4.0057
4.0171
4.0289
4.0412
4.0538
4.0668
4.0802
4.0940
4.1081
4.1226
4.1374
4.1526
4.1681
4.1840
4.2002
4.2167
4.2336
4.2507
4.2682
4.2860
4.3040
4.3224
4.3410
4.3599
4.3791
4.3985
4.4182
4.4381
4.4583
4.4787
4.4993
4.5202
4.5413
4.5626
4.5841
4.6058
4.6278
4.6499
4.6721
4.6946
4.7172
4.7400
4.7630
4.7861
4.8094
4.8328
4.8563
4.8800
4.9038
4.9278
4.9518
4.9760
5.0003
5.0246
5.0491
5.0736
5.0983
5.1230
5.1478
5.1727
5.1976
5.2226
5.2476
5.2727
5.2979
5.3231
5.3483
5.3735
5.3988
5.4241
5.4494
5.4747
5.5000
5.5253
5.5506
5.5759
5.6012
5.6265
5.6517
5.6769
5.7021
5.7273
5.7524
5.7774
5.8024
5.8273
5.8522
5.8770
5.9017
5.9264
5.9509
5.9754
5.9997
6.0240
6.0482
6.0722
6.0962
6.1200
6.1437
6.1672
6.1906
6.2139
6.2370
6.2600
6.2828
6.3054
6.3279
6.3501
6.3722
6.3942
6.4159
6.4374
6.4587
6.4798
6.5007
6.5213
6.5417
6.5619
6.5818
6.6015
6.6209
6.6401
6.6590
6.6776
6.6960
6.7140
6.7318
6.7493
6.7664
6.7833
6.7998
6.8160
6.8319
6.8474
6.8626
6.8774
6.8919
6.9060
6.9198
6.9332
6.9462
6.9588
6.9711
6.9829
6.9943
7.0054
7.0160
7.0262
7.0359
7.0453
7.0542
7.0626
7.0706
7.0782
7.0853
7.0919
7.0981
7.1038
7.1091
7.1138
7.1181
7.1219
7.1252
7.1280
7.1303
7.1321
7.1334
7.1341
7.1344
7.1342
7.1334
7.1321
7.1303
7.1280
7.1251
7.1218
7.1179
7.1134
7.1085
7.1030
7.0969
7.0904
7.0833
7.0756
7.0675
7.0588
7.0495
7.0398
7.0295
7.0186
7.0073
6.9954
6.9830
6.9701
6.9567
6.9427
6.9282
6.9133
6.8978
6.8818
6.8653
6.8484
6.8309
6.8130
6.7945
6.7756
6.7563
6.7364
6.7162
6.6954
6.6742
6.6526
6.6306
6.6081
6.5852
6.5619
6.5382
6.5142
6.4897
6.4649
6.4396
6.4141
6.3882
6.3619
6.3353
6.3084
6.2812
6.2537
6.2259
6.1978
6.1694
6.1408
6.1119
6.0828
6.0535
6.0240
5.9942
5.9643
5.9341
5.9038
5.8734
5.8428
5.8121
5.7812
5.7502
5.7192
5.6880
5.6568
5.6255
5.5942
5.5628
5.5314
5.5000
5.4686
5.4372
5.4058
5.3745
5.3432
5.3120
5.2808
5.2498
5.2188
5.1879
5.1572
5.1266
5.0962
5.0659
5.0357
5.0058
4.9760
4.9465
4.9172
4.8881
4.8592
4.8306
4.8022
4.7741
4.7463
4.7188
4.6916
4.6647
4.6381
4.6118
4.5859
4.5604
4.5351
4.5103
4.4858
4.4618
4.4381
4.4148
4.3919
4.3694
4.3474
4.3258
4.3046
4.2838
4.2636
4.2437
4.2244
4.2055
4.1870
4.1691
4.1516
4.1347
4.1182
4.1022
4.0867
4.0718
4.0573
4.0433
4.0299
4.0170
4.0046
3.9927
3.9814
3.9705
3.9602
3.9505
3.9412
3.9325
3.9244
3.9167
3.9096
3.9031
3.8970
3.8915
3.8866
3.8821
3.8782
3.8749
3.8720
3.8697
3.8679
3.8666
3.8658
3.8656
3.8659
3.8666
3.8679
3.8697
3.8720
3.8748
3.8781
3.8819
3.8862
3.8909
3.8962
3.9019
3.9081
3.9147
3.9218
3.9294
3.9374
3.9458
3.9547
3.9641
3.9738
3.9840
3.9946
4.0057
4.0171
4.0289
4.0412
4.0538
4.0668
4.0802
4.0940
4.1081
4.1226
4.1374
4.1526
4.1681
4.1840
4.2002
4.2167
4.2336
4.2507
4.2682
4.2860
4.3040
4.3224
4.3410
4.3599
4.3791
4.3985
4.4182
4.4381
4.4583
4.4787
4.4993
4.5202
4.5413
4.5626
4.5841
4.6058
4.6278
4.6499
4.6721
4.6946
4.7172
4.7400
4.7630
4.7861
4.8094
4.8328
4.8563
4.8800
4.9038
4.9278
4.9518
4.9760
5.0003
5.0246
5.0491
5.0736
5.0983
5.1230
5.1478
5.1727
5.1976
5.2226
5.2476
5.2727
5.2979
5.3231
5.3483
5.3735
5.3988
5.4241
5.4494
5.4747
5.5000
5.5253
5.5506
5.5759
5.6012
5.6265
5.6517
5.6769
5.7021
5.7273
5.7524
5.7774
5.8024
5.8273
5.8522
5.8770
5.9017
5.9264
5.9509
5.9754
5.9997
6.0240
6.0482
6.0722
6.0962
6.1200
6.1437
6.1672
6.1906
6.2139
6.2370
6.2600
6.2828
6.3054
6.3279
6.3501
6.3722
6.3942
6.4159
6.4374
6.4587
6.4798
6.5007
6.5213
6.5417
6.5619
6.5818
6.6015
6.6209
6.6401
6.6590
6.6776
6.6960
6.7140
6.7318
6.7493
6.7664
6.7833
6.7998
6.8160
6.8319
6.8474
6.8626
6.8774
6.8919
6.9060
6.9198
6.9332
6.9462
6.9588
6.9711
6.9829
6.9943
7.0054
7.0160
7.0262
7.0359
7.0453
7.0542
7.0626
7.0706
7.0782
7.0853
7.0919
7.0981
7.1038
7.1091
7.1138
7.1181
7.1219
7.1252
7.1280
7.1303
7.1321
7.1334
7.1341
7.1344
7.1342
7.1334
7.1321
7.1303
7.1280
7.1251
7.1218
7.1179
7.1134
7.1085
7.1030
7.0969
7.0904
7.0833
7.0756
7.0675
7.0588
7.0495
7.0398
7.0295
7.0186
7.0073
6.9954
6.9830
6.9701
6.9567
6.9427
6.9282
6.9133
6.8978
6.8818
6.8653
6.8484
6.8309
6.8130
6.7945
6.7756
6.7563
6.7364
6.7162
6.6954
6.6742
6.6526
6.6306
6.6081
6.5852
6.5619
6.5382
6.5142
6.4897
6.4649
6.4396
6.4141
6.3882
6.3619
6.3353
6.3084
6.2812
6.2537
6.2259
6.1978
6.1694
6.1408
6.1119
6.0828
6.0535
6.0240
5.9942
5.9643
5.9341
5.9038
5.8734
5.8428
5.8121
5.7812
5.7502
5.7192
5.6880
5.6568
5.6255
5.5942
5.5628
5.5314
5.5000
5.4686
5.4372
5.4058
5.3745
5.3432
5.3120
5.2808
5.2498
5.2188
5.1879
5.1572
5.1266
5.0962
5.0659
5.0357
5.0058
4.9760
4.9465
4.9172
4.8881
4.8592
4.8306
4.8022
4.7741
4.7463
4.7188
4.6916
4.6647
4.6381
4.6118
4.5859
4.5604
4.5351
4.5103
4.4858
4.4618
4.4381
4.4148
4.3919
4.3694
4.3474
4.3258
4.3046
4.2838
4.2636
4.2437
4.2244
4.2055
4.1870
4.1691
4.1516
4.1347
4.1182
4.1022
4.0867
4.0718
4.0573
4.0433
4.0299
4.0170
4.0046
3.9927
3.9814
3.9705
3.9602
3.9505
3.9412
3.9325
3.9244
3.9167
3.9096
3.9031
3.8970
3.8915
3.8866
3.8821
3.8782
3.8749
3.8720
3.8697
3.8679
3.8666
3.8658
3.8656
3.8659
3.8666
3.8679
3.8697
3.8720
3.8748
3.8781
3.8819
3.8862
3.8909
3.8962
3.9019
3.9081
3.9147
3.9218
3.9294
3.9374
3.9458
3.9547
3.9641
3.9738
3.9840
3.9946
4.0057
4.0171
4.0289
4.0412
4.0538
4.0668
4.0802
4.0940
4.1081
4.1226
4.1374
4.1526
4.1681
4.1840
4.2002
4.2167
4.2336
4.2507
4.2682
4.2860
4.3040
4.3224
4.3410
4.3599
4.3791
4.3985
4.4182
4.4381
4.4583
4.4787
4.4993
4.5202
4.5413
4.5626
4.5841
4.6058
4.6278
4.6499
4.6721
4.6946
4.7172
4.7400
4.7630
4.7861
4.8094
4.8328
4.8563
4.8800
4.9038
4.9278
4.9518
4.9760
5.0003
5.0246
5.0491
5.0736
5.0983
5.1230
5.1478
5.1727
5.1976
5.2226
5.2476
5.2727
5.2979
5.3231
5.3483
5.3735
5.3988
5.4241
5.4494
5.4747
5.5000
5.5253
5.5506
5.5759
5.6012
5.6265
5.6517
5.6769
5.7021
5.7273
5.7524
5.7774
5.8024
5.8273
5.8522
5.8770
5.9017
5.9264
5.9509
5.9754
5.9997
6.0240
6.0482
6.0722
6.0962
6.1200
6.1437
6.1672
6.1906
6.2139
6.2370
6.2600
6.2828
6.3054
6.3279
6.3501
6.3722
6.3942
6.4159
6.4374
6.4587
6.4798
6.5007
6.5213
6.5417
6.5619
6.5818
6.6015
6.6209
6.6401
6.6590
6.6776
6.6960
6.7140
6.7318
6.7493
6.7664
6.7833
6.7998
6.8160
6.8319
6.8474
6.8626
6.8774
6.8919
6.9060
6.9198
6.9332
6.9462
6.9588
6.9711
6.9829
6.9943
7.0054
7.0160
7.0262
7.0359
7.0453
7.0542
7.0626
7.0706
7.0782
7.0853
7.0919
7.0981
7.1038
7.1091
7.1138
7.1181
7.1219
7.1252
7.1280
7.1303
7.1321
7.1334
7.1341
7.1344
7.1342
7.1334
7.1321
7.1303
7.1280
7.1251
7.1218
7.1179
7.1134
7.1085
7.1030
7.0969
7.0904
7.0833
7.0756
7.0675
7.0588
7.0495
7.0398
7.0295
7.0186
7.0073
6.9954
6.9830
6.9701
6.9567
6.9427
6.9282
6.9133
6.8978
6.8818
6.8653
6.8484
6.8309
6.8130
6.7945
6.7756
6.7563
6.7364
6.7162
6.6954
6.6742
6.6526
6.6306
6.6081
6.5852
6.5619
6.5382
6.5142
6.4897
6.4649
6.4396
6.4141
6.3882
6.3619
6.3353
6.3084
6.2812
6.2537
6.2259
6.1978
6.1694
6.1408
6.1119
6.0828
6.0535
6.0240
5.9942
5.9643
5.9341
5.9038
5.8734
5.8428
5.8121
5.7812
5.7502
5.7192
5.6880
5.6568
5.6255
5.5942
5.5628
5.5314
5.5000
5.4686
5.4372
5.4058
5.3745
5.3432
5.3120
5.2808
5.2498
5.2188
5.1879
5.1572
5.1266
5.0962
5.0659
5.0357
5.0058
4.9760
4.9465
4.9172
4.8881
4.8592
4.8306
4.8022
4.7741
4.7463
4.7188
4.6916
4.6647
4.6381
4.6118
4.5859
4.5604
4.5351
4.5103
4.4858
4.4618
4.4381
4.4148
4.3919
4.3694
4.3474
4.3258
4.3046
4.2838
4.2636
4.2437
4.2244
4.2055
4.1870
4.1691
4.1516
4.1347
4.1182
4.1022
4.0867
4.0718
4.0573
4.0433
4.0299
4.0170
4.0046
3.9927
3.9814
3.9705
3.9602
3.9505
3.9412
3.9325
3.9244
3.9167
3.9096
3.9031
3.8970
3.8915
3.8866
3.8821
3.8782
3.8749
3.8720
3.8697
3.8679
3.8666
3.8658
3.8656
3.8659
3.8666
3.8679
3.8697
3.8720
3.8748
3.8781
3.8819
3.8862
3.8909
3.8962
3.9019
3.9081
3.9147
3.9218
3.9294
3.9374
3.9458
3.9547
3.9641
3.9738
3.9840
3.9946
4.0057
4.0171
4.0289
4.0412
4.0538
4.0668
4.0802
4.0940
4.1081
4.1226
4.1374
4.1526
4.1681
4.1840
4.2002
4.2167
4.2336
4.2507
4.2682
4.2860
4.3040
4.3224
4.3410
4.3599
4.3791
4.3985
4.4182
4.4381
4.4583
4.4787
4.4993
4.5202
4.5413
4.5626
4.5841
4.6058
4.6278
4.6499
4.6721
4.6946
4.7172
4.7400
4.7630
4.7861
4.8094
4.8328
4.8563
4.8800
4.9038
4.9278
4.9518
4.9760
5.0003
5.0246
5.0491
5.0736
5.0983
5.1230
5.1478
5.1727
5.1976
5.2226
5.2476
5.2727
5.2979
5.3231
5.3483
5.3735
5.3988
5.4241
5.4494
5.4747
5.5000
5.5253
5.5506
5.5759
5.6012
5.6265
5.6517
5.6769
5.7021
5.7273
5.7524
5.7774
5.8024
5.8273
5.8522
5.8770
5.9017
5.9264
5.9509
5.9754
5.9997
6.0240
6.0482
6.0722
6.0962
6.1200
6.1437
6.1672
6.1906
6.2139
6.2370
6.2600
6.2828
6.3054
6.3279
6.3501
6.3722
6.3942
6.4159
6.4374
6.4587
6.4798
6.5007
6.5213
6.5417
6.5619
6.5818
6.6015
6.6209
6.6401
6.6590
6.6776
6.6960
6.7140
6.7318
6.7493
6.7664
6.7833
6.7998
6.8160
6.8319
6.8474
6.8626
6.8774
6.8919
6.9060
6.9198
6.9332
6.9462
6.9588
6.9711
6.9829
6.9943
7.0054
7.0160
7.0262
7.0359
7.0453
7.0542
7.0626
7.0706
7.0782
7.0853
7.0919
7.0981
7.1038
7.1091
7.1138
7.1181
7.1219
7.1252
7.1280
7.1303
7.1321
7.1334
7.1341
7.1344
7.1342
7.1334
7.1321
7.1303
7.1280
7.1251
7.1218
7.1179
7.1134
7.1085
7.1030
7.0969
7.0904
7.0833
7.0756
7.0675
7.0588
7.0495
7.0398
7.0295
7.0186
7.0073
6.9954
6.9830
6.9701
6.9567
6.9427
6.9282
6.9133
6.8978
6.8818
6.8653
6.8484
6.8309
6.8130
6.7945
6.7756
6.7563
6.7364
6.7162
6.6954
6.6742
6.6526
6.6306
6.6081
6.5852
6.5619
6.5382
6.5142
6.4897
6.4649
6.4396
6.4141
6.3882
6.3619
6.3353
6.3084
6.2812
6.2537
6.2259
6.1978
6.1694
6.1408
6.1119
6.0828
6.0535
6.0240
5.9942
5.9643
5.9341
5.9038
5.8734
5.8428
5.8121
5.7812
5.7502
5.7192
5.6880
5.6568
5.6255
5.5942
5.5628
5.5314
5.5000
5.4686
5.4372
5.4058
5.3745
5.3432
5.3120
5.2808
5.2498
5.2188
5.1879
5.1572
5.1266
5.0962
5.0659
5.0357
5.0058
4.9760
4.9465
4.9172
4.8881
4.8592
4.8306
4.8022
4.7741
4.7463
4.7188
4.6916
4.6647
4.6381
4.6118
4.5859
4.5604
4.5351
4.5103
4.4858
4.4618
4.4381
4.4148
4.3919
4.3694
4.3474
4.3258
4.3046
4.2838
4.2636
4.2437
4.2244
4.2055
4.1870
4.1691
4.1516
4.1347
4.1182
4.1022
4.0867
4.0718
4.0573
4.0433
4.0299
4.0170
4.0046
3.9927
3.9814
3.9705
3.9602
3.9505
3.9412
3.9325
3.9244
3.9167
3.9096
3.9031
3.8970
3.8915
3.8866
3.8821
3.8782
3.8749
3.8720
3.8697
3.8679
3.8666
3.8658
3.8656
3.8659
3.8666
3.8679
3.8697
3.8720
3.8748
3.8781
3.8819
3.8862
3.8909
3.8962
3.9019
3.9081
3.9147
3.9218
3.9294
3.9374
3.9458
3.9547
3.9641
3.9738
3.9840
3.9946
4.0057
4.0171
4.0289
4.0412
4.0538
4.0668
4.0802
4.0940
4.1081
4.1226
4.1374
4.1526
4.1681
4.1840
4.2002
4.2167
4.2336
4.2507
4.2682
4.2860
4.3040
4.3224
4.3410
4.3599
4.3791
4.3985
4.4182
4.4381
4.4583
4.4787
4.4993
4.5202
4.5413
4.5626
4.5841
4.6058
4.6278
4.6499
4.6721
4.6946
4.7172
4.7400
4.7630
4.7861
4.8094
4.8328
4.8563
4.8800
4.9038
4.9278
4.9518
4.9760
5.0003
5.0246
5.0491
5.0736
5.0983
5.1230
5.1478
5.1727
5.1976
5.2226
5.2476
5.2727
5.2979
5.3231
5.3483
5.3735
5.3988
5.4241
5.4494
5.4747
5.5000
5.5253
5.5506
5.5759
5.6012
5.6265
5.6517
5.6769
5.7021
5.7273
5.7524
5.7774
5.8024
5.8273
5.8522
5.8770
5.9017
5.9264
5.9509
5.9754
5.9997
6.0240
6.0482
6.0722
6.0962
6.1200
6.1437
6.1672
6.1906
6.2139
6.2370
6.2600
6.2828
6.3054
6.3279
6.3501
6.3722
6.3942
6.4159
6.4374
6.4587
6.4798
6.5007
6.5213
6.5417
6.5619
6.5818
6.6015
6.6209
6.6401
6.6590
6.6776
6.6960
6.7140
6.7318
6.7493
6.7664
6.7833
6.7998
6.8160
6.8319
6.8474
6.8626
6.8774
6.8919
6.9060
6.9198
6.9332
6.9462
6.9588
6.9711
6.9829
6.9943
7.0054
7.0160
7.0262
7.0359
7.0453
7.0542
7.0626
7.0706
7.0782
7.0853
7.0919
7.0981
7.1038
7.1091
7.1138
7.1181
7.1219
7.1252
7.1280
7.1303
7.1321
7.1334
7.1341
7.1344
7.1342
7.1334
7.1321
7.1303
7.1280
7.1251
7.1218
7.1179
7.1134
7.1085
7.1030
7.0969
7.0904
7.0833
7.0756
7.0675
7.0588
7.0495
7.0398
7.0295
7.0186
7.0073
6.9954
6.9830
6.9701
6.9567
6.9427
6.9282
6.9133
6.8978
6.8818
6.8653
6.8484
6.8309
6.8130
6.7945
6.7756
6.7563
6.7364
6.7162
6.6954
6.6742
6.6526
6.6306
6.6081
6.5852
6.5619
6.5382
6.5142
6.4897
6.4649
6.4396
6.4141
6.3882
6.3619
6.3353
6.3084
6.2812
6.2537
6.2259
6.1978
6.1694
6.1408
6.1119
6.0828
6.0535
6.0240
5.9942
5.9643
5.9341
5.9038
5.8734
5.8428
5.8121
5.7812
5.7502
5.7192
5.6880
5.6568
5.6255
5.5942
5.5628
5.5314
5.5000
5.4686
5.4372
5.4058
5.3745
5.3432
5.3120
5.2808
5.2498
5.2188
5.1879
5.1572
5.1266
5.0962
5.0659
5.0357
5.0058
4.9760
4.9465
4.9172
4.8881
4.8592
4.8306
4.8022
4.7741
4.7463
4.7188
4.6916
4.6647
4.6381
4.6118
4.5859
4.5604
4.5351
4.5103
4.4858
4.4618
4.4381
4.4148
4.3919
4.3694
4.3474
4.3258
4.3046
4.2838
4.2636
4.2437
4.2244
4.2055
4.1870
4.1691
4.1516
4.1347
4.1182
4.1022
4.0867
4.0718
4.0573
4.0433
4.0299
4.0170
4.0046
3.9927
3.9814
3.9705
3.9602
3.9505
3.9412
3.9325
3.9244
3.9167
3.9096
3.9031
3.8970
3.8915
3.8866
3.8821
3.8782
3.8749
3.8720
3.8697
3.8679
3.8666
3.8658
3.8656
3.8659
3.8666
3.8679
3.8697
3.8720
3.8748
3.8781
3.8819
3.8862
3.8909
3.8962
3.9019
3.9081
3.9147
3.9218
3.9294
3.9374
3.9458
3.9547
3.9641
3.9738
3.9840
3.9946
4.0057
4.0171
4.0289
4.0412
4.0538
4.0668
4.0802
4.0940
4.1081
4.1226
4.1374
4.1526
4.1681
4.1840
4.2002
4.2167
4.2336
4.2507
4.2682
4.2860
4.3040
4.3224
4.3410
4.3599
4.3791
4.3985
4.4182
4.4381
4.4583
4.4787
4.4993
4.5202
4.5413
4.5626
4.5841
4.6058
4.6278
4.6499
4.6721
4.6946
4.7172
4.7400
4.7630
4.7861
4.8094
4.8328
4.8563
4.8800
4.9038
4.9278
4.9518
4.9760
5.0003
5.0246
5.0491
5.0736
5.0983
5.1230
5.1478
5.1727
5.1976
5.2226
5.2476
5.2727
5.2979
5.3231
5.3483
5.3735
5.3988
5.4241
5.4494
5.4747
5.5000
5.5253
5.5506
5.5759
5.6012
5.6265
5.6517
5.6769
5.7021
5.7273
5.7524
5.7774
5.8024
5.8273
5.8522
5.8770
5.9017
5.9264
5.9509
5.9754
5.9997
6.0240
6.0482
6.0722
6.0962
6.1200
6.1437
6.1672
6.1906
6.2139
6.2370
6.2600
6.2828
6.3054
6.3279
6.3501
6.3722
6.3942
6.4159
6.4374
6.4587
6.4798
6.5007
6.5213
6.5417
6.5619
6.5818
6.6015
6.6209
6.6401
6.6590
6.6776
6.6960
6.7140
6.7318
6.7493
6.7664
6.7833
6.7998
6.8160
6.8319
6.8474
6.8626
6.8774
6.8919
6.9060
6.9198
6.9332
6.9462
6.9588
6.9711
6.9829
6.9943
7.0054
7.0160
7.0262
7.0359
7.0453
7.0542
7.0626
7.0706
7.0782
7.0853
7.0919
7.0981
7.1038
7.1091
7.1138
7.1181
7.1219
7.1252
7.1280
7.1303
7.1321
7.1334
7.1341
7.1344
7.1342
7.1334
7.1321
7.1303
7.1280
7.1251
7.1218
7.1179
7.1134
7.1085
7.1030
7.0969
7.0904
7.0833
7.0756
7.0675
7.0588
7.0495
7.0398
7.0295
7.0186
7.0073
6.9954
6.9830
6.9701
6.9567
6.9427
6.9282
6.9133
6.8978
6.8818
6.8653
6.8484
6.8309
6.8130
6.7945
6.7756
6.7563
6.7364
6.7162
6.6954
6.6742
6.6526
6.6306
6.6081
6.5852
6.5619
6.5382
6.5142
6.4897
6.4649
6.4396
6.4141
6.3882
6.3619
6.3353
6.3084
6.2812
6.2537
6.2259
6.1978
6.1694
6.1408
6.1119
6.0828
6.0535
6.0240
5.9942
5.9643
5.9341
5.9038
5.8734
5.8428
5.8121
5.7812
5.7502
5.7192
5.6880
5.6568
5.6255
5.5942
5.5628
5.5314
5.5000
5.4686
5.4372
5.4058
5.3745
5.3432
5.3120
5.2808
5.2498
5.2188
5.1879
5.1572
5.1266
5.0962
5.0659
5.0357
5.0058
4.9760
4.9465
4.9172
4.8881
4.8592
4.8306
4.8022
4.7741
4.7463
4.7188
4.6916
4.6647
4.6381
4.6118
4.5859
4.5604
4.5351
4.5103
4.4858
4.4618
4.4381
4.4148
4.3919
4.3694
4.3474
4.3258
4.3046
4.2838
4.2636
4.2437
4.2244
4.2055
4.1870
4.1691
4.1516
4.1347
4.1182
4.1022
4.0867
4.0718
4.0573
4.0433
4.0299
4.0170
4.0046
3.9927
3.9814
3.9705
3.9602
3.9505
3.9412
3.9325
3.9244
3.9167
3.9096
3.9031
3.8970
3.8915
3.8866
3.8821
3.8782
3.8749
3.8720
3.8697
3.8679
3.8666
3.8658
3.8656
3.8659
3.8666
3.8679
3.8697
3.8720
3.8748
3.8781
3.8819
3.8862
3.8909
3.8962
3.9019
3.9081
3.9147
3.9218
3.9294
3.9374
3.9458
3.9547
3.9641
3.9738
3.9840
3.9946
4.0057
4.0171
4.0289
4.0412
4.0538
4.0668
4.0802
4.0940
4.1081
4.1226
4.1374
4.1526
4.1681
4.1840
4.2002
4.2167
4.2336
4.2507
4.2682
4.2860
4.3040
4.3224
4.3410
4.3599
4.3791
4.3985
4.4182
4.4381
4.4583
4.4787
4.4993
4.5202
4.5413
4.5626
4.5841
4.6058
4.6278
4.6499
4.6721
4.6946
4.7172
4.7400
4.7630
4.7861
4.8094
4.8328
4.8563
4.8800
4.9038
4.9278
4.9518
4.9760
5.0003
5.0246
5.0491
5.0736
5.0983
5.1230
5.1478
5.1727
5.1976
5.2226
5.2476
5.2727
5.2979
5.3231
5.3483
5.3735
5.3988
5.4241
5.4494
5.4747
5.5000
5.5253
5.5506
5.5759
5.6012
5.6265
5.6517
5.6769
5.7021
5.7273
5.7524
5.7774
5.8024
5.8273
5.8522
5.8770
5.9017
5.9264
5.9509
5.9754
5.9997
6.0240
6.0482
6.0722
6.0962
6.1200
6.1437
6.1672
6.1906
6.2139
6.2370
6.2600
6.2828
6.3054
6.3279
6.3501
6.3722
6.3942
6.4159
6.4374
6.4587
6.4798
6.5007
6.5213
6.5417
6.5619
6.5818
6.6015
6.6209
6.6401
6.6590
6.6776
6.6960
6.7140
6.7318
6.7493
6.7664
6.7833
6.7998
6.8160
6.8319
6.8474
6.8626
6.8774
6.8919
6.9060
6.9198
6.9332
6.9462
6.9588
6.9711
6.9829
6.9943
7.0054
7.0160
7.0262
7.0359
7.0453
7.0542
7.0626
7.0706
7.0782
7.0853
7.0919
7.0981
7.1038
7.1091
7.1138
7.1181
7.1219
7.1252
7.1280
7.1303
7.1321
7.1334
7.1341
7.1344
7.1342
7.1334
7.1321
7.1303
7.1280
7.1251
7.1218
7.1179
7.1134
7.1085
7.1030
7.0969
7.0904
7.0833
7.0756
7.0675
7.0588
7.0495
7.0398
7.0295
7.0186
7.0073
6.9954
6.9830
6.9701
6.9567
6.9427
6.9282
6.9133
6.8978
6.8818
6.8653
6.8484
6.8309
6.8130
6.7945
6.7756
6.7563
6.7364
6.7162
6.6954
6.6742
6.6526
6.6306
6.6081
6.5852
6.5619
6.5382
6.5142
6.4897
6.4649
6.4396
6.4141
6.3882
6.3619
6.3353
6.3084
6.2812
6.2537
6.2259
6.1978
6.1694
6.1408
6.1119
6.0828
6.0535
6.0240
5.9942
5.9643
5.9341
5.9038
5.8734
5.8428
5.8121
5.7812
5.7502
5.7192
5.6880
5.6568
5.6255
5.5942
5.5628
5.5314
5.5000
5.4686
5.4372
5.4058
5.3745
5.3432
5.3120
5.2808
5.2498
5.2188
5.1879
5.1572
5.1266
5.0962
5.0659
5.0357
5.0058
4.9760
4.9465
4.9172
4.8881
4.8592
4.8306
4.8022
4.7741
4.7463
4.7188
4.6916
4.6647
4.6381
4.6118
4.5859
4.5604
4.5351
4.5103
4.4858
4.4618
4.4381
4.4148
4.3919
4.3694
4.3474
4.3258
4.3046
4.2838
4.2636
4.2437
4.2244
4.2055
4.1870
4.1691
4.1516
4.1347
4.1182
4.1022
4.0867
4.0718
4.0573
4.0433
4.0299
4.0170
4.0046
3.9927
3.9814
3.9705
3.9602
3.9505
3.9412
3.9325
3.9244
3.9167
3.9096
3.9031
3.8970
3.8915
3.8866
3.8821
3.8782
3.8749
3.8720
3.8697
3.8679
3.8666
3.8658
3.8656
3.8659
3.8666
3.8679
3.8697
3.8720
3.8748
3.8781
3.8819
3.8862
3.8909
3.8962
3.9019
3.9081
3.9147
3.9218
3.9294
3.9374
3.9458
3.9547
3.9641
3.9738
3.9840
3.9946
4.0057
4.0171
4.0289
4.0412
4.0538
4.0668
4.0802
4.0940
4.1081
4.1226
4.1374
4.1526
4.1681
4.1840
4.2002
4.2167
4.2336
4.2507
4.2682
4.2860
4.3040
4.3224
4.3410
4.3599
4.3791
4.3985
4.4182
4.4381
4.4583
4.4787
4.4993
4.5202
4.5413
4.5626
4.5841
4.6058
4.6278
4.6499
4.6721
4.6946
4.7172
4.7400
4.7630
4.7861
4.8094
4.8328
4.8563
4.8800
4.9038
4.9278
4.9518
4.9760
5.0003
5.0246
5.0491
5.0736
5.0983
5.1230
5.1478
5.1727
5.1976
5.2226
5.2476
5.2727
5.2979
5.3231
5.3483
5.3735
5.3988
5.4241
5.4494
5.4747
5.5000
5.5253
5.5506
5.5759
5.6012
5.6265
5.6517
5.6769
5.7021
5.7273
5.7524
5.7774
5.8024
5.8273
5.8522
5.8770
5.9017
5.9264
5.9509
5.9754
5.9997
6.0240
6.0482
6.0722
6.0962
6.1200
6.1437
6.1672
6.1906
6.2139
6.2370
6.2600
6.2828
6.3054
6.3279
6.3501
6.3722
6.3942
6.4159
6.4374
6.4587
6.4798
6.5007
6.5213
6.5417
6.5619
6.5818
6.6015
6.6209
6.6401
6.6590
6.6776
6.6960
6.7140
6.7318
6.7493
6.7664
6.7833
6.7998
6.8160
6.8319
6.8474
6.8626
6.8774
6.8919
6.9060
6.9198
6.9332
6.9462
6.9588
6.9711
6.9829
6.9943
7.0054
7.0160
7.0262
7.0359
7.0453
7.0542
7.0626
7.0706
7.0782
7.0853
7.0919
7.0981
7.1038
7.1091
7.1138
7.1181
7.1219
7.1252
7.1280
7.1303
7.1321
7.1334
7.1341
7.1344
7.1342
7.1334
7.1321
7.1303
7.1280
7.1251
7.1218
7.1179
7.1134
7.1085
7.1030
7.0969
7.0904
7.0833
7.0756
7.0675
7.0588
7.0495
7.0398
7.0295
7.0186
7.0073
6.9954
6.9830
6.9701
6.9567
6.9427
6.9282
6.9133
6.8978
6.8818
6.8653
6.8484
6.8309
6.8130
6.7945
6.7756
6.7563
6.7364
6.7162
6.6954
6.6742
6.6526
6.6306
6.6081
6.5852
6.5619
6.5382
6.5142
6.4897
6.4649
6.4396
6.4141
6.3882
6.3619
6.3353
6.3084
6.2812
6.2537
6.2259
6.1978
6.1694
6.1408
6.1119
6.0828
6.0535
6.0240
5.9942
5.9643
5.9341
5.9038
5.8734
5.8428
5.8121
5.7812
5.7502
5.7192
5.6880
5.6568
5.6255
5.5942
5.5628
5.5314
5.5000
5.4686
5.4372
5.4058
5.3745
5.3432
5.3120
5.2808
5.2498
5.2188
5.1879
5.1572
5.1266
5.0962
5.0659
5.0357
5.0058
4.9760
4.9465
4.9172
4.8881
4.8592
4.8306
4.8022
4.7741
4.7463
4.7188
4.6916
4.6647
4.6381
4.6118
4.5859
4.5604
4.5351
4.5103
4.4858
4.4618
4.4381
4.4148
4.3919
4.3694
4.3474
4.3258
4.3046
4.2838
4.2636
4.2437
4.2244
4.2055
4.1870
4.1691
4.1516
4.1347
4.1182
4.1022
4.0867
4.0718
4.0573
4.0433
4.0299
4.0170
4.0046
3.9927
3.9814
3.9705
3.9602
3.9505
3.9412
3.9325
3.9244
3.9167
3.9096
3.9031
3.8970
3.8915
3.8866
3.8821
3.8782
3.8749
3.8720
3.8697
3.8679
3.8666
3.8658
3.8656
3.8659
3.8666
3.8679
3.8697
3.8720
3.8748
3.8781
3.8819
3.8862
3.8909
3.8962
3.9019
3.9081
3.9147
3.9218
3.9294
3.9374
3.9458
3.9547
3.9641
3.9738
3.9840
3.9946
4.0057
4.0171
4.0289
4.0412
4.0538
4.0668
4.0802
4.0940
4.1081
4.1226
4.1374
4.1526
4.1681
4.1840
4.2002
4.2167
4.2336
4.2507
4.2682
4.2860
4.3040
4.3224
4.3410
4.3599
4.3791
4.3985
4.4182
4.4381
4.4583
4.4787
4.4993
4.5202
4.5413
4.5626
4.5841
4.6058
4.6278
4.6499
4.6721
4.6946
4.7172
4.7400
4.7630
4.7861
4.8094
4.8328
4.8563
4.8800
4.9038
4.9278
4.9518
4.9760
5.0003
5.0246
5.0491
5.0736
5.0983
5.1230
5.1478
5.1727
5.1976
5.2226
5.2476
5.2727
5.2979
5.3231
5.3483
5.3735
5.3988
5.4241
5.4494
5.4747
5.5000
5.5253
5.5506
5.5759
5.6012
5.6265
5.6517
5.6769
5.7021
5.7273
5.7524
5.7774
5.8024
5.8273
5.8522
5.8770
5.9017
5.9264
5.9509
5.9754
5.9997
6.0240
6.0482
6.0722
6.0962
6.1200
6.1437
6.1672
6.1906
6.2139
6.2370
6.2600
6.2828
6.3054
6.3279
6.3501
6.3722
6.3942
6.4159
6.4374
6.4587
6.4798
6.5007
6.5213
6.5417
6.5619
6.5818
6.6015
6.6209
6.6401
6.6590
6.6776
6.6960
6.7140
6.7318
6.7493
6.7664
6.7833
6.7998
6.8160
6.8319
6.8474
6.8626
6.8774
6.8919
6.9060
6.9198
6.9332
6.9462
6.9588
6.9711
6.9829
6.9943
7.0054
7.0160
7.0262
7.0359
7.0453
7.0542
7.0626
7.0706
7.0782
7.0853
7.0919
7.0981
7.1038
7.1091
7.1138
7.1181
7.1219
7.1252
7.1280
7.1303
7.1321
7.1334
7.1341
7.1344
7.1342
7.1334
7.1321
7.1303
7.1280
7.1251
7.1218
7.1179
7.1134
7.1085
7.1030
7.0969
7.0904
7.0833
7.0756
7.0675
7.0588
7.0495
7.0398
7.0295
7.0186
7.0073
6.9954
6.9830
6.9701
6.9567
6.9427
6.9282
6.9133
6.8978
6.8818
6.8653
6.8484
6.8309
6.8130
6.7945
6.7756
6.7563
6.7364
6.7162
6.6954
6.6742
6.6526
6.6306
6.6081
6.5852
6.5619
6.5382
6.5142
6.4897
6.4649
6.4396
6.4141
6.3882
6.3619
6.3353
6.3084
6.2812
6.2537
6.2259
6.1978
6.1694
6.1408
6.1119
6.0828
6.0535
6.0240
5.9942
5.9643
5.9341
5.9038
5.8734
5.8428
5.8121
5.7812
5.7502
5.7192
5.6880
5.6568
5.6255
5.5942
5.5628
5.5314
5.5000
5.4686
5.4372
5.4058
5.3745
5.3432
5.3120
5.2808
5.2498
5.2188
5.1879
5.1572
5.1266
5.0962
5.0659
5.0357
5.0058
4.9760
4.9465
4.9172
4.8881
4.8592
4.8306
4.8022
4.7741
4.7463
4.7188
4.6916
4.6647
4.6381
4.6118
4.5859
4.5604
4.5351
4.5103
4.4858
4.4618
4.4381
4.4148
4.3919
4.3694
4.3474
4.3258
4.3046
4.2838
4.2636
4.2437
4.2244
4.2055
4.1870
4.1691
4.1516
4.1347
4.1182
4.1022
4.0867
4.0718
4.0573
4.0433
4.0299
4.0170
4.0046
3.9927
3.9814
3.9705
3.9602
3.9505
3.9412
3.9325
3.9244
3.9167
3.9096
3.9031
3.8970
3.8915
3.8866
3.8821
3.8782
3.8749
3.8720
3.8697
3.8679
3.8666
3.8658
3.8656
3.8659
3.8666
3.8679
3.8697
3.8720
3.8748
3.8781
3.8819
3.8862
3.8909
3.8962
3.9019
3.9081
3.9147
3.9218
3.9294
3.9374
3.9458
3.9547
3.9641
3.9738
3.9840
3.9946
4.0057
4.0171
4.0289
4.0412
4.0538
4.0668
4.0802
4.0940
4.1081
4.1226
4.1374
4.1526
4.1681
4.1840
4.2002
4.2167
4.2336
4.2507
4.2682
4.2860
4.3040
4.3224
4.3410
4.3599
4.3791
4.3985
4.4182
4.4381
4.4583
4.4787
4.4993
4.5202
4.5413
4.5626
4.5841
4.6058
4.6278
4.6499
4.6721
4.6946
4.7172
4.7400
4.7630
4.7861
4.8094
4.8328
4.8563
4.8800
4.9038
4.9278
4.9518
4.9760
5.0003
5.0246
5.0491
5.0736
5.0983
5.1230
5.1478
5.1727
5.1976
5.2226
5.2476
5.2727
5.2979
5.3231
5.3483
5.3735
5.3988
5.4241
5.4494
5.4747
5.5000
5.5253
5.5506
5.5759
5.6012
5.6265
5.6517
5.6769
5.7021
5.7273
5.7524
5.7774
5.8024
5.8273
5.8522
5.8770
5.9017
5.9264
5.9509
5.9754
5.9997
6.0240
6.0482
6.0722
6.0962
6.1200
6.1437
6.1672
6.1906
6.2139
6.2370
6.2600
6.2828
6.3054
6.3279
6.3501
6.3722
6.3942
6.4159
6.4374
6.4587
6.4798
6.5007
6.5213
6.5417
6.5619
6.5818
6.6015
6.6209
6.6401
6.6590
6.6776
6.6960
6.7140
6.7318
6.7493
6.7664
6.7833
6.7998
6.8160
6.8319
6.8474
6.8626
6.8774
6.8919
6.9060
6.9198
6.9332
6.9462
6.9588
6.9711
6.9829
6.9943
7.0054
7.0160
7.0262
7.0359
7.0453
7.0542
7.0626
7.0706
7.0782
7.0853
7.0919
7.0981
7.1038
7.1091
7.1138
7.1181
7.1219
7.1252
7.1280
7.1303
7.1321
7.1334
7.1341
7.1344
7.1342
7.1334
7.1321
7.1303
7.1280
7.1251
7.1218
7.1179
7.1134
7.1085
7.1030
7.0969
7.0904
7.0833
7.0756
7.0675
7.0588
7.0495
7.0398
7.0295
7.0186
7.0073
6.9954
6.9830
6.9701
6.9567
6.9427
6.9282
6.9133
6.8978
6.8818
6.8653
6.8484
6.8309
6.8130
6.7945
6.7756
6.7563
6.7364
6.7162
6.6954
6.6742
6.6526
6.6306
6.6081
6.5852
6.5619
6.5382
6.5142
6.4897
6.4649
6.4396
6.4141
6.3882
6.3619
6.3353
6.3084
6.2812
6.2537
6.2259
6.1978
6.1694
6.1408
6.1119
6.0828
6.0535
6.0240
5.9942
5.9643
5.9341
5.9038
5.8734
5.8428
5.8121
5.7812
5.7502
5.7192
5.6880
5.6568
5.6255
5.5942
5.5628
5.5314
5.5000
5.4686
5.4372
5.4058
5.3745
5.3432
5.3120
5.2808
5.2498
5.2188
5.1879
5.1572
5.1266
5.0962
5.0659
5.0357
5.0058
4.9760
4.9465
4.9172
4.8881
4.8592
4.8306
4.8022
4.7741
4.7463
4.7188
4.6916
4.6647
4.6381
4.6118
4.5859
4.5604
4.5351
4.5103
4.4858
4.4618
4.4381
4.4148
4.3919
4.3694
4.3474
4.3258
4.3046
4.2838
4.2636
4.2437
4.2244
4.2055
4.1870
4.1691
4.1516
4.1347
4.1182
4.1022
4.0867
4.0718
4.0573
4.0433
4.0299
4.0170
4.0046
3.9927
3.9814
3.9705
3.9602
3.9505
3.9412
3.9325
3.9244
3.9167
3.9096
3.9031
3.8970
3.8915
3.8866
3.8821
3.8782
3.8749
3.8720
3.8697
3.8679
3.8666
3.8658
3.8656
3.8659
3.8666
3.8679
3.8697
3.8720
3.8748
3.8781
3.8819
3.8862
3.8909
3.8962
3.9019
3.9081
3.9147
3.9218
3.9294
3.9374
3.9458
3.9547
3.9641
3.9738
3.9840
3.9946
4.0057
4.0171
4.0291
4.0413
4.0539
4.0669
4.0803
4.0941
4.1082
4.1227
4.1375
4.1527
4.1683
4.1841
4.2004
4.2169
4.2337
4.2509
4.2683
4.2861
4.3042
4.3225
4.3411
4.3600
4.3792
4.3986
4.4183
4.4382
4.4584
4.4788
4.4995
4.5203
4.5414
4.5627
4.5842
4.6060
4.6279
4.6500
4.6722
4.6947
4.7173
4.7401
4.7631
4.7862
4.8095
4.8329
4.8564
4.8801
4.9039
4.9279
4.9519
4.9761
5.0003
5.0247
5.0492
5.0737
5.0984
5.1231
5.1479
5.1727
5.1977
5.2226
5.2477
5.2728
5.2979
5.3231
5.3483
5.3735
5.3988
5.4241
5.4494
5.4747
5.5000
5.5253
5.5506
5.5759
5.6012
5.6265
5.6517
5.6769
5.7021
5.7272
5.7523
5.7773
5.8023
5.8273
5.8521
5.8769
5.9016
5.9263
5.9508
5.9753
5.9996
6.0239
6.0480
6.0721
6.0960
6.1198
6.1435
6.1670
6.1905
6.2137
6.2368
6.2598
6.2826
6.3052
6.3277
6.3499
6.3720
6.3939
6.4156
6.4371
6.4584
6.4795
6.5004
6.5210
6.5414
6.5616
6.5815
6.6012
6.6206
6.6398
6.6587
6.6773
6.6956
6.7136
6.7314
6.7489
6.7660
6.7828
6.7994
6.8155
6.8314
6.8469
6.8621
6.8770
6.8914
6.9056
6.9193
6.9327
6.9457
6.9583
6.9705
6.9823
6.9938
7.0048
7.0154
7.0256
7.0353
7.0446
7.0535
7.0620
7.0700
7.0775
7.0846
7.0913
7.0974
7.1031
7.1084
7.1131
7.1174
7.1212
7.1244
7.1272
7.1295
7.1313
7.1326
7.1334
7.1336
7.1334
7.1326
7.1313
7.1295
7.1272
7.1243
7.1209
7.1170
7.1126
7.1076
7.1021
7.0961
7.0895
7.0824
7.0747
7.0666
7.0579
7.0486
7.0389
7.0286
7.0177
7.0064
6.9945
6.9821
6.9692
6.9558
6.9418
6.9273
6.9124
6.8969
6.8809
6.8644
6.8475
6.8300
6.8121
6.7936
6.7747
6.7554
6.7356
6.7153
6.6946
6.6734
6.6518
6.6297
6.6073
6.5844
6.5611
6.5374
6.5134
6.4889
6.4641
6.4389
6.4133
6.3874
6.3612
6.3346
6.3077
6.2805
6.2530
6.2252
6.1972
6.1688
6.1402
6.1114
6.0823
6.0530
6.0235
5.9937
5.9638
5.9337
5.9034
5.8730
5.8424
5.8117
5.7809
5.7500
5.7189
5.6878
5.6566
5.6254
5.5941
5.5627
5.5314
5.5000
5.4686
5.4373
5.4059
5.3746
5.3434
5.3122
5.2811
5.2501
5.2191
5.1883
5.1576
5.1271
5.0967
5.0664
5.0363
5.0064
4.9767
4.9472
4.9179
4.8889
4.8601
4.8315
4.8032
4.7752
4.7474
4.7199
4.6928
4.6659
4.6394
4.6132
4.5873
4.5618
4.5366
4.5118
4.4874
4.4634
4.4398
4.4165
4.3937
4.3713
4.3493
4.3277
4.3066
4.2859
4.2657
4.2459
4.2266
4.2078
4.1894
4.1715
4.1541
4.1372
4.1208
4.1049
4.0894
4.0745
4.0601
4.0462
4.0328
4.0200
4.0076
3.9958
3.9845
3.9737
3.9635
3.9538
3.9446
3.9360
3.9279
3.9203
3.9132
3.9067
3.9007
3.8953
3.8903
3.8860
3.8821
3.8788
3.8760
3.8737
3.8719
3.8707
3.8700
3.8698
3.8701
3.8709
3.8722
3.8741
3.8764
3.8792
3.8826
3.8864
3.8907
3.8955
3.9008
3.9065
3.9127
3.9194
3.9265
3.9341
3.9421
3.9506
3.9595
3.9689
3.9787
3.9889
3.9995
4.0105
4.0220
4.0338
4.0461
4.0587
4.0717
4.0851
4.0989
4.1130
4.1275
4.1423
4.1575
4.1730
4.1889
4.2051
4.2216
4.2384
4.2556
4.2730
4.2907
4.3088
4.3271
4.3457
4.3646
4.3837
4.4031
4.4227
4.4426
4.4628
4.4831
4.5037
4.5246
4.5456
4.5669
4.5883
4.6100
4.6318
4.6539
4.6761
4.6985
4.7210
4.7438
4.7666
4.7897
4.8129
4.8362
4.8597
4.8833
4.9070
4.9308
4.9548
4.9788
5.0030
5.0273
5.0516
5.0760
5.1006
5.1252
5.1499
5.1746
5.1994
5.2243
5.2492
5.2741
5.2991
5.3242
5.3492
5.3743
5.3994
5.4246
5.4497
5.4748
5.5000
5.5251
5.5503
5.5754
5.6005
5.6256
5.6507
5.6757
5.7007
5.7256
5.7505
5.7753
5.8001
5.8248
5.8495
5.8741
5.8986
5.9230
5.9473
5.9715
5.9957
6.0197
6.0436
6.0674
6.0911
6.1147
6.1381
6.1614
6.1845
6.2075
6.2304
6.2531
6.2756
6.2979
6.3201
6.3421
6.3639
6.3855
6.4070
6.4282
6.4492
6.4700
6.4905
6.5108
6.5309
6.5508
6.5704
6.5898
6.6089
6.6277
6.6463
6.6646
6.6826
6.7003
6.7177
6.7348
6.7517
6.7682
6.7843
6.8002
6.8157
6.8309
6.8457
6.8602
6.8744
6.8881
6.9015
6.9146
6.9272
6.9395
6.9514
6.9628
6.9739
6.9846
6.9948
7.0047
7.0141
7.0231
7.0316
7.0397
7.0474
7.0546
7.0614
7.0677
7.0735
7.0789
7.0838
7.0882
7.0922
7.0957
7.0986
7.1011
7.1031
7.1046
7.1056
7.1061
7.1061
7.1056
7.1045
7.1030
7.1009
7.0984
7.0953
7.0917
7.0875
7.0829
7.0777
7.0720
7.0658
7.0590
7.0517
7.0439
7.0356
7.0268
7.0174
7.0076
6.9972
6.9862
6.9748
6.9629
6.9504
6.9375
6.9240
6.9100
6.8956
6.8806
6.8652
6.8493
6.8329
6.8160
6.7986
6.7808
6.7625
6.7438
6.7246
6.7049
6.6849
6.6643
6.6434
6.6221
6.6003
6.5782
6.5556
6.5327
6.5093
6.4856
6.4616
6.4372
6.4124
6.3873
6.3619
6.3362
6.3101
6.2838
6.2572
6.2303
6.2031
6.1757
6.1480
6.1201
6.0920
6.0636
6.0351
6.0064
5.9774
5.9484
5.9191
5.8897
5.8602
5.8306
5.8008
5.7710
5.7411
5.7111
5.6810
5.6509
5.6207
5.5905
5.5604
5.5302
5.5000
5.4698
5.4397
5.4097
5.3797
5.3497
5.3199
5.2901
5.2605
5.2310
5.2016
5.1724
5.1433
5.1144
5.0856
5.0571
5.0287
5.0006
4.9727
4.9450
4.9176
4.8904
4.8635
4.8369
4.8105
4.7845
4.7588
4.7334
4.7083
4.6835
4.6591
4.6350
4.6113
4.5880
4.5650
4.5425
4.5203
4.4985
4.4772
4.4562
4.4357
4.4156
4.3959
4.3767
4.3580
4.3397
4.3218
4.3044
4.2875
4.2710
4.2551
4.2396
4.2246
4.2101
4.1961
4.1825
4.1695
4.1570
4.1450
4.1335
4.1225
4.1120
4.1020
4.0926
4.0836
4.0752
4.0673
4.0599
4.0530
4.0466
4.0408
4.0354
4.0306
4.0263
4.0225
4.0192
4.0164
4.0141
4.0123
4.0110
4.0102
4.0099
4.0101
4.0108
4.0120
4.0136
4.0158
4.0184
4.0214
4.0250
4.0290
4.0334
4.0383
4.0437
4.0495
4.0557
4.0624
4.0695
4.0770
4.0849
4.0932
4.1019
4.1111
4.1206
4.1305
4.1407
4.1514
4.1624
4.1738
4.1855
4.1976
4.2100
4.2228
4.2358
4.2492
4.2629
4.2769
4.2912
4.3058
4.3207
4.3359
4.3513
4.3670
4.3830
4.3992
4.4156
4.4323
4.4492
4.4664
4.4837
4.5013
4.5190
4.5370
4.5551
4.5734
4.5919
4.6106
4.6294
4.6484
4.6675
4.6868
4.7062
4.7257
4.7453
4.7651
4.7849
4.8049
4.8249
4.8451
4.8653
4.8856
4.9060
4.9264
4.9469
4.9674
4.9880
5.0086
5.0293
5.0499
5.0706
5.0913
5.1121
5.1328
5.1535
5.1742
5.1949
5.2156
5.2362
5.2569
5.2774
5.2980
5.3185
5.3389
5.3593
5.3796
5.3999
5.4201
5.4402
5.4602
5.4802
5.5000
5.5197
5.5394
5.5589
5.5783
5.5976
5.6168
5.6359
5.6548
5.6736
5.6922
5.7107
5.7290
5.7472
5.7652
5.7831
5.8008
5.8183
5.8356
5.8527
5.8697
5.8865
5.9030
5.9194
5.9356
5.9515
5.9672
5.9827
5.9980
6.0131
6.0279
6.0425
6.0569
6.0710
6.0848
6.0984
6.1118
6.1249
6.1377
6.1502
6.1625
6.1745
6.1863
6.1977
6.2089
6.2197
6.2303
6.2406
6.2506
6.2602
6.2696
6.2787
6.2874
6.2959
6.3040
6.3118
6.3193
6.3264
6.3333
6.3398
6.3459
6.3518
6.3573
6.3624
6.3673
6.3717
6.3759
6.3797
6.3832
6.3863
6.3891
6.3915
6.3936
6.3953
6.3967
6.3978
6.3985
6.3988
6.3989
6.3985
6.3979
6.3969
6.3955
6.3939
6.3918
6.3895
6.3868
6.3838
6.3804
6.3768
6.3728
6.3685
6.3639
6.3589
6.3537
6.3482
6.3423
6.3362
6.3297
6.3230
6.3160
6.3087
6.3012
6.2934
6.2853
6.2769
6.2684
6.2595
6.2505
6.2412
6.2316
6.2219
6.2120
6.2018
6.1915
6.1809
6.1702
6.1593
6.1483
6.1370
6.1257
6.1142
6.1025
6.0908
6.0789
6.0669
6.0548
6.0426
6.0304
6.0181
6.0057
5.9932
5.9807
5.9682
5.9557
5.9431
5.9305
5.9179
5.9054
5.8928
5.8803
5.8678
5.8554
5.8430
5.8307
5.8185
5.8063
5.7943
5.7823
5.7705
5.7587
5.7471
5.7357
5.7244
5.7132
5.7022
5.6914
5.6807
5.6702
5.6600
5.6499
5.6400
5.6303
5.6209
5.6117
5.6027
5.5940
5.5855
5.5773
5.5693
5.5616
5.5541
5.5470
5.5401
5.5335
5.5272
5.5211
5.5154
5.5100
5.5048
5.5000
5.4955
5.4913
5.4874
5.4838
5.4805
5.4775
5.4749
5.4726
5.4706
5.4689
5.4675
5.4665
5.4658
5.4653
5.4652
5.4655
5.4660
5.4668
5.4680
5.4694
5.4712
5.4732
5.4756
5.4782
5.4812
5.4844
5.4879
5.4916
5.4957
5.5000
