9.5964
9.5964
9.5964
9.5964
9.5964
9.5964
9.5964
9.5964
9.5964
9.5964
9.5964
9.5964
9.5964
9.5964
9.5964
9.5964
9.5964
9.5964
9.5964
9.5964
9.5964
9.5964
9.5964
9.5964
9.5964
9.5964
9.5964
9.5964
9.5964
9.5964
9.5964
9.5964
9.5964
9.5964
9.5964
9.5964
9.5964
9.5964
9.5964
9.5964
9.5964
9.5964
9.5964
9.5964
9.5964
9.5964
9.5964
9.5964
9.5964
9.5964
9.5964
9.5964
9.5964
9.5964
9.5964
9.5964
9.5964
9.5964
9.5964
9.5964
9.5964
9.5964
9.5964
9.5964
9.5964
9.5964
9.5964
9.5964
9.5964
9.5964
9.5964
9.5964
9.5964
9.5964
9.5964
9.5964
9.5964
9.5964
9.5964
9.5964
9.5964
9.5964
9.5964
9.5964
9.5964
9.5964
9.5964
9.5964
9.5964
9.5964
9.5964
9.5964
9.5964
9.5964
9.5964
9.5964
9.5964
9.5964
9.5964
9.5964
9.5964
9.5964
9.5964
9.5964
9.5964
9.5964
9.5964
9.5964
9.5964
9.5964
9.5964
9.5964
9.5964
9.5964
9.5964
9.5964
9.5964
9.5964
9.5964
9.5964
9.5964
9.5964
9.5964
9.5964
9.5964
9.5964
9.5964
9.5964
9.5964
9.5964
9.5964
9.5964
9.5964
9.5964
9.5964
9.5964
9.5964
9.5964
9.5964
9.5964
9.5964
9.5964
9.5964
9.5964
9.5964
9.5964
9.5964
9.5964
9.5964
9.5964
9.5964
9.5964
9.5964
9.5964
9.5964
9.5964
9.5964
9.5964
9.5964
9.5964
9.5964
9.5964
9.5964
9.5964
9.5964
9.5964
9.5964
9.5964
9.5964
9.5964
9.5964
9.5964
9.5964
9.5964
9.5964
9.5964
9.5964
9.5964
9.5964
9.5964
9.5964
9.5964
9.5964
9.5964
9.5964
9.5964
9.5964
9.5964
9.5964
9.5964
9.5964
9.5964
9.5964
9.5964
9.5964
9.5964
9.5964
9.5964
9.5964
9.5964
9.5964
9.5964
9.5964
9.5964
9.5964
9.5964
9.5964
9.5964
9.5964
9.5964
9.5964
9.5964
9.5964
9.5964
9.5964
9.5964
9.5964
9.5964
9.5964
9.5964
9.5964
9.5964
9.5964
9.5964
9.5964
9.5964
9.5964
9.5964
9.5964
9.5964
9.5964
9.5964
9.5964
9.5964
9.5964
9.5964
9.5964
9.5964
9.5964
9.5964
9.5964
9.5964
9.5964
9.5964
9.5964
9.5964
9.5964
9.5964
9.5964
9.5964
9.5964
9.5964
9.5964
9.5964
9.5964
9.5964
9.5964
9.5964
9.5964
9.5964
9.5964
9.5964
9.5964
9.5964
9.5964
9.5964
9.5964
9.5964
9.5964
9.5964
9.5964
9.5964
9.5964
9.5964
9.5964
9.5964
9.5964
9.5964
9.5964
9.5964
9.5964
9.5964
9.5964
9.5964
9.5964
9.5964
9.5964
9.5964
9.5964
9.5964
9.5964
9.5964
9.5964
9.5964
9.5964
9.5964
9.5964
9.5964
9.5964
9.5964
9.5964
9.5964
9.5964
9.5964
9.5964
9.5964
9.5964
9.5963
9.5963
9.5963
9.5963
9.5963
9.5963
9.5963
9.5963
9.5963
9.5963
9.5963
9.5963
9.5963
9.5963
9.5963
9.5963
9.5963
9.5963
9.5963
9.5963
9.5963
9.5963
9.5963
9.5963
9.5963
9.5963
9.5963
9.5963
9.5963
9.5963
9.5963
9.5963
9.5963
9.5963
9.5963
9.5963
9.5963
9.5963
9.5963
9.5963
9.5963
9.5963
9.5963
9.5963
9.5963
9.5963
9.5963
9.5963
9.5963
9.5963
9.5963
9.5963
9.5963
9.5963
9.5963
9.5963
9.5963
9.5963
9.5963
9.5963
9.5963
9.5963
9.5963
9.5963
9.5963
9.5963
9.5963
9.5963
9.5963
9.5963
9.5963
9.5963
9.5963
9.5963
9.5963
9.5963
9.5963
9.5963
9.5963
9.5963
9.5963
9.5963
9.5963
9.5963
9.5963
9.5963
9.5963
9.5963
9.5963
9.5963
9.5963
9.5963
9.5963
9.5963
9.5963
9.5963
9.5963
9.5963
9.5963
9.5963
9.5963
9.5963
9.5963
9.5963
9.5963
9.5963
9.5963
9.5963
9.5963
9.5963
9.5963
9.5963
9.5963
9.5963
9.5963
9.5963
9.5963
9.5963
9.5963
9.5963
9.5963
9.5963
9.5963
9.5963
9.5963
9.5963
9.5963
9.5963
9.5963
9.5963
9.5963
9.5963
9.5963
9.5963
9.5963
9.5963
9.5963
9.5962
9.5962
9.5962
9.5962
9.5962
9.5962
9.5962
9.5962
9.5962
9.5962
9.5962
9.5962
9.5962
9.5962
9.5962
9.5962
9.5962
9.5962
9.5962
9.5962
9.5962
9.5962
9.5962
9.5962
9.5962
9.5962
9.5962
9.5962
9.5962
9.5962
9.5962
9.5962
9.5962
9.5962
9.5962
9.5962
9.5962
9.5962
9.5962
9.5962
9.5962
9.5962
9.5962
9.5962
9.5962
9.5962
9.5962
9.5962
9.5962
9.5962
9.5962
9.5962
9.5962
9.5962
9.5962
9.5962
9.5962
9.5961
9.5961
9.5961
9.5961
9.5961
9.5961
9.5961
9.5961
9.5961
9.5961
9.5961
9.5961
9.5961
9.5961
9.5961
9.5961
9.5961
9.5961
9.5961
9.5961
9.5961
9.5961
9.5961
9.5961
9.5961
9.5961
9.5961
9.5961
9.5961
9.5961
9.5961
9.5961
9.5961
9.5961
9.5961
9.5961
9.5960
9.5960
9.5960
9.5960
9.5960
9.5960
9.5960
9.5960
9.5960
9.5960
9.5960
9.5960
9.5960
9.5960
9.5960
9.5960
9.5960
9.5960
9.5960
9.5960
9.5960
9.5960
9.5960
9.5960
9.5960
9.5960
9.5960
9.5959
9.5959
9.5959
9.5959
9.5959
9.5959
9.5959
9.5959
9.5959
9.5959
9.5959
9.5959
9.5959
9.5959
9.5959
9.5959
9.5959
9.5959
9.5959
9.5959
9.5959
9.5959
9.5958
9.5958
9.5958
9.5958
9.5958
9.5958
9.5958
9.5958
9.5958
9.5958
9.5958
9.5958
9.5958
9.5958
9.5958
9.5958
9.5958
9.5958
9.5957
9.5957
9.5957
9.5957
9.5957
9.5957
9.5957
9.5957
9.5957
9.5957
9.5957
9.5957
9.5957
9.5957
9.5957
9.5956
9.5956
9.5956
9.5956
9.5956
9.5956
9.5956
9.5956
9.5956
9.5956
9.5956
9.5956
9.5956
9.5955
9.5955
9.5955
9.5955
9.5955
9.5955
9.5955
9.5955
9.5955
9.5955
9.5955
9.5955
9.5954
9.5954
9.5954
9.5954
9.5954
9.5954
9.5954
9.5954
9.5954
9.5954
9.5954
9.5953
9.5953
9.5953
9.5953
9.5953
9.5953
9.5953
9.5953
9.5953
9.5952
9.5952
9.5952
9.5952
9.5952
9.5952
9.5952
9.5952
9.5952
9.5951
9.5951
9.5951
9.5951
9.5951
9.5951
9.5951
9.5951
9.5950
9.5950
9.5950
9.5950
9.5950
9.5950
9.5950
9.5950
9.5949
9.5949
9.5949
9.5949
9.5949
9.5949
9.5949
9.5948
9.5948
9.5948
9.5948
9.5948
9.5948
9.5947
9.5947
9.5947
9.5947
9.5947
9.5947
9.5947
9.5946
9.5946
9.5946
9.5946
9.5946
9.5945
9.5945
9.5945
9.5945
9.5945
9.5945
9.5944
9.5944
9.5944
9.5944
9.5944
9.5943
9.5943
9.5943
9.5943
9.5943
9.5942
9.5942
9.5942
9.5942
9.5942
9.5941
9.5941
9.5941
9.5941
9.5941
9.5940
9.5940
9.5940
9.5940
9.5939
9.5939
9.5939
9.5939
9.5938
9.5938
9.5938
9.5938
9.5938
9.5937
9.5937
9.5937
9.5936
9.5936
9.5936
9.5936
9.5935
9.5935
9.5935
9.5935
9.5934
9.5934
9.5934
9.5933
9.5933
9.5933
9.5933
9.5932
9.5932
9.5932
9.5931
9.5931
9.5931
9.5930
9.5930
9.5930
9.5929
9.5929
9.5929
9.5929
9.5928
9.5928
9.5927
9.5927
9.5927
9.5926
9.5926
9.5926
9.5925
9.5925
9.5925
9.5924
9.5924
9.5924
9.5923
9.5923
9.5922
9.5922
9.5922
9.5921
9.5921
9.5920
9.5920
9.5920
9.5919
9.5919
9.5918
9.5918
9.5917
9.5917
9.5916
9.5916
9.5916
9.5915
9.5915
9.5914
9.5914
9.5913
9.5913
9.5912
9.5912
9.5911
9.5911
9.5910
9.5910
9.5909
9.5909
9.5908
9.5908
9.5907
9.5907
9.5906
9.5906
9.5905
9.5904
9.5904
9.5903
9.5903
9.5902
9.5902
9.5901
9.5900
9.5900
9.5899
9.5899
9.5898
9.5897
9.5897
9.5896
9.5895
9.5895
9.5894
9.5894
9.5893
9.5892
9.5892
9.5891
9.5890
9.5889
9.5889
9.5888
9.5887
9.5887
9.5886
9.5885
9.5884
9.5884
9.5883
9.5882
9.5881
9.5881
9.5880
9.5879
9.5878
9.5877
9.5877
9.5876
9.5875
9.5874
9.5873
9.5872
9.5872
9.5871
9.5870
9.5869
9.5868
9.5867
9.5866
9.5865
9.5864
9.5863
9.5863
9.5862
9.5861
9.5860
9.5859
9.5858
9.5857
9.5856
9.5855
9.5854
9.5853
9.5852
9.5851
9.5849
9.5848
9.5847
9.5846
9.5845
9.5844
9.5843
9.5842
9.5841
9.5839
9.5838
9.5837
9.5836
9.5835
9.5834
9.5832
9.5831
9.5830
9.5829
9.5827
9.5826
9.5825
9.5823
9.5822
9.5821
9.5819
9.5818
9.5817
9.5815
9.5814
9.5813
9.5811
9.5810
9.5808
9.5807
9.5805
9.5804
9.5802
9.5801
9.5799
9.5798
9.5796
9.5795
9.5793
9.5792
9.5790
9.5788
9.5787
9.5785
9.5783
9.5782
9.5780
9.5778
9.5777
9.5775
9.5773
9.5771
9.5770
9.5768
9.5766
9.5764
9.5762
9.5760
9.5759
9.5757
9.5755
9.5753
9.5751
9.5749
9.5747
9.5745
9.5743
9.5741
9.5739
9.5737
9.5734
9.5732
9.5730
9.5728
9.5726
9.5724
9.5721
9.5719
9.5717
9.5715
9.5712
9.5710
9.5708
9.5705
9.5703
9.5700
9.5698
9.5696
9.5693
9.5691
9.5688
9.5686
9.5683
9.5680
9.5678
9.5675
9.5672
9.5670
9.5667
9.5664
9.5662
9.5659
9.5656
9.5653
9.5650
9.5647
9.5644
9.5642
9.5639
9.5636
9.5633
9.5629
9.5626
9.5623
9.5620
9.5617
9.5614
9.5611
9.5607
9.5604
9.5601
9.5597
9.5594
9.5591
9.5587
9.5584
9.5580
9.5577
9.5573
9.5570
9.5566
9.5562
9.5559
9.5555
9.5551
9.5547
9.5544
9.5540
9.5536
9.5532
9.5528
9.5524
9.5520
9.5516
9.5512
9.5508
9.5504
9.5499
9.5495
9.5491
9.5487
9.5482
9.5478
9.5473
9.5469
9.5464
9.5460
9.5455
9.5451
9.5446
9.5441
9.5436
9.5432
9.5427
9.5422
9.5417
9.5412
9.5407
9.5402
9.5397
9.5391
9.5386
9.5381
9.5376
9.5370
9.5365
9.5360
9.5354
9.5349
9.5343
9.5337
9.5332
9.5326
9.5320
9.5314
9.5308
9.5302
9.5296
9.5290
9.5284
9.5278
9.5272
9.5266
9.5259
9.5253
9.5246
9.5240
9.5233
9.5227
9.5220
9.5213
9.5207
9.5200
9.5193
9.5186
9.5179
9.5172
9.5165
9.5157
9.5150
9.5143
9.5135
9.5128
9.5120
9.5113
9.5105
9.5097
9.5089
9.5082
9.5074
9.5066
9.5058
9.5049
9.5041
9.5033
9.5024
9.5016
9.5007
9.4999
9.4990
9.4981
9.4973
9.4964
9.4955
9.4946
9.4937
9.4927
9.4918
9.4909
9.4899
9.4890
9.4880
9.4870
9.4861
9.4851
9.4841
9.4831
9.4820
9.4810
9.4800
9.4790
9.4779
9.4768
9.4758
9.4747
9.4736
9.4725
9.4714
9.4703
9.4692
9.4680
9.4669
9.4657
9.4646
9.4634
9.4622
9.4610
9.4598
9.4586
9.4574
9.4561
9.4549
9.4536
9.4524
9.4511
9.4498
9.4485
9.4472
9.4458
9.4445
9.4432
9.4418
9.4404
9.4390
9.4377
9.4362
9.4348
9.4334
9.4320
9.4305
9.4290
9.4275
9.4261
9.4245
9.4230
9.4215
9.4200
9.4184
9.4168
9.4152
9.4136
9.4120
9.4104
9.4088
9.4071
9.4054
9.4038
9.4021
9.4004
9.3986
9.3969
9.3951
9.3934
9.3916
9.3898
9.3880
9.3861
9.3843
9.3824
9.3806
9.3787
9.3768
9.3748
9.3729
9.3709
9.3690
9.3670
9.3650
9.3629
9.3609
9.3588
9.3568
9.3547
9.3526
9.3504
9.3483
9.3461
9.3439
9.3417
9.3395
9.3373
9.3350
9.3328
9.3305
9.3282
9.3258
9.3235
9.3211
9.3187
9.3163
9.3139
9.3114
9.3090
9.3065
9.3040
9.3014
9.2989
9.2963
9.2937
9.2911
9.2884
9.2858
9.2831
9.2804
9.2777
9.2749
9.2721
9.2694
9.2665
9.2637
9.2608
9.2579
9.2550
9.2521
9.2491
9.2462
9.2432
9.2401
9.2371
9.2340
9.2309
9.2278
9.2246
9.2214
9.2182
9.2150
9.2117
9.2084
9.2051
9.2018
9.1984
9.1950
9.1916
9.1882
9.1847
9.1812
9.1777
9.1741
9.1705
9.1669
9.1633
9.1596
9.1559
9.1522
9.1484
9.1446
9.1408
9.1369
9.1331
9.1292
9.1252
9.1212
9.1172
9.1132
9.1091
9.1050
9.1009
9.0967
9.0926
9.0883
9.0841
9.0798
9.0755
9.0711
9.0667
9.0623
9.0578
9.0533
9.0488
9.0442
9.0396
9.0350
9.0303
9.0256
9.0209
9.0161
9.0113
9.0064
9.0015
8.9966
8.9917
8.9867
8.9816
8.9766
8.9715
8.9663
8.9611
8.9559
8.9507
8.9454
8.9400
8.9346
8.9292
8.9238
8.9183
8.9127
8.9072
8.9016
8.8959
8.8902
8.8845
8.8787
8.8729
8.8670
8.8611
8.8552
8.8492
8.8432
8.8371
8.8310
8.8248
8.8186
8.8124
8.8061
8.7998
8.7934
8.7870
8.7805
8.7740
8.7675
8.7609
8.7543
8.7476
8.7409
8.7341
8.7273
8.7204
8.7135
8.7066
8.6996
8.6926
8.6855
8.6784
8.6712
8.6640
8.6567
8.6494
8.6421
8.6347
8.6272
8.6197
8.6122
8.6046
8.5970
8.5893
8.5816
8.5738
8.5660
8.5581
8.5502
8.5423
8.5343
8.5262
8.5182
8.5100
8.5019
8.4936
8.4854
8.4770
8.4687
8.4603
8.4518
8.4433
8.4348
8.4262
8.4176
8.4089
8.4002
8.3914
8.3826
8.3738
8.3649
8.3560
8.3470
8.3380
8.3289
8.3198
8.3107
8.3015
8.2923
8.2830
8.2737
8.2644
8.2550
8.2456
8.2361
8.2266
8.2171
8.2075
8.1979
8.1882
8.1785
8.1688
8.1591
8.1493
8.1395
8.1296
8.1198
8.1098
8.0999
8.0899
8.0799
8.0699
8.0598
8.0497
8.0396
8.0295
8.0193
8.0091
7.9989
7.9887
7.9784
7.9682
7.9579
7.9475
7.9372
7.9269
7.9165
7.9061
7.8957
7.8853
7.8749
7.8644
7.8540
7.8436
7.8331
7.8226
7.8122
7.8017
7.7912
7.7807
7.7702
7.7598
7.7493
7.7388
7.7283
7.7178
7.7074
7.6969
7.6865
7.6761
7.6656
7.6552
7.6448
7.6344
7.6241
7.6137
7.6034
7.5931
7.5828
7.5726
7.5623
7.5521
7.5420
7.5318
7.5217
7.5116
7.5016
7.4916
7.4816
7.4717
7.4618
7.4519
7.4421
7.4324
7.4226
7.4130
7.4033
7.3938
7.3843
7.3748
7.3654
7.3560
7.3467
7.3375
7.3283
7.3192
7.3102
7.3012
7.2923
7.2834
7.2746
7.2659
7.2573
7.2487
7.2402
7.2318
7.2234
7.2152
7.2070
7.1989
7.1909
7.1829
7.1751
7.1673
7.1596
7.1520
7.1445
7.1371
7.1298
7.1226
7.1154
7.1084
7.1014
7.0946
7.0878
7.0812
7.0746
7.0681
7.0618
7.0555
7.0494
7.0433
7.0374
7.0315
7.0258
7.0201
7.0146
7.0092
7.0039
6.9987
6.9936
6.9886
6.9837
6.9789
6.9743
6.9697
6.9653
6.9609
6.9567
6.9526
6.9486
6.9447
6.9410
6.9373
6.9338
6.9303
6.9270
6.9238
6.9207
6.9178
6.9149
6.9122
6.9095
6.9070
6.9046
6.9023
6.9001
6.8981
6.8961
6.8943
6.8925
6.8909
6.8894
6.8880
6.8868
6.8856
6.8845
6.8836
6.8828
6.8820
6.8814
6.8809
6.8805
6.8803
6.8801
6.8800
6.8800
6.8802
6.8804
6.8808
6.8813
6.8818
6.8825
6.8833
6.8842
6.8852
6.8862
6.8874
6.8887
6.8901
6.8916
6.8932
6.8949
6.8967
6.8985
6.9005
6.9026
6.9048
6.9070
6.9094
6.9118
6.9144
6.9170
6.9197
6.9225
6.9255
6.9284
6.9315
6.9347
6.9379
6.9413
6.9447
6.9482
6.9518
6.9555
6.9592
6.9631
6.9670
6.9710
6.9751
6.9792
6.9835
6.9878
6.9922
6.9966
7.0011
7.0057
7.0104
7.0152
7.0200
7.0249
7.0298
7.0348
7.0399
7.0451
7.0503
7.0556
7.0610
7.0664
7.0719
7.0774
7.0830
7.0887
7.0944
7.1002
7.1060
7.1119
7.1178
7.1238
7.1299
7.1360
7.1422
7.1484
7.1547
7.1610
7.1674
7.1738
7.1803
7.1868
7.1933
7.2000
7.2066
7.2133
7.2200
7.2268
7.2337
7.2405
7.2474
7.2544
7.2614
7.2684
7.2755
7.2826
7.2897
7.2969
7.3041
7.3114
7.3186
7.3260
7.3333
7.3407
7.3481
7.3555
7.3630
7.3705
7.3780
7.3856
7.3931
7.4007
7.4084
7.4160
7.4237
7.4314
7.4391
7.4469
7.4547
7.4625
7.4703
7.4781
7.4860
7.4938
7.5017
7.5096
7.5175
7.5255
7.5334
7.5414
7.5494
7.5574
7.5654
7.5734
7.5815
7.5895
7.5976
7.6056
7.6137
7.6218
7.6299
7.6380
7.6461
7.6543
7.6624
7.6705
7.6787
7.6868
7.6950
7.7031
7.7113
7.7195
7.7276
7.7358
7.7440
7.7522
7.7603
7.7685
7.7767
7.7849
7.7930
7.8012
7.8094
7.8176
7.8257
7.8339
7.8421
7.8502
7.8584
7.8665
7.8747
7.8828
7.8909
7.8991
7.9072
7.9153
7.9234
7.9315
7.9396
7.9477
7.9558
7.9638
7.9719
7.9799
7.9880
7.9960
8.0040
8.0120
8.0200
8.0280
8.0360
8.0439
8.0519
8.0598
8.0677
8.0756
8.0835
8.0914
8.0993
8.1071
8.1150
8.1228
8.1306
8.1384
8.1461
8.1539
8.1616
8.1693
8.1770
8.1847
8.1924
8.2000
8.2077
8.2153
8.2229
8.2305
8.2380
8.2456
8.2531
8.2606
8.2681
8.2755
8.2830
8.2904
8.2978
8.3052
8.3125
8.3198
8.3272
8.3345
8.3417
8.3490
8.3562
8.3634
8.3706
8.3777
8.3849
8.3920
8.3991
8.4061
8.4132
8.4202
8.4272
8.4342
8.4411
8.4481
8.4550
8.4618
8.4687
8.4755
8.4823
8.4891
8.4958
8.5026
8.5093
8.5160
8.5226
8.5292
8.5358
8.5424
8.5490
8.5555
8.5620
8.5685
8.5749
8.5813
8.5877
8.5941
8.6004
8.6068
8.6131
8.6193
8.6256
8.6318
8.6380
8.6441
8.6502
8.6564
8.6624
8.6685
8.6745
8.6805
8.6865
8.6924
8.6983
8.7042
8.7101
8.7159
8.7218
8.7275
8.7333
8.7390
8.7447
8.7504
8.7561
8.7617
8.7673
8.7728
8.7784
8.7839
8.7894
8.7948
8.8003
8.8057
8.8111
8.8164
8.8217
8.8270
8.8323
8.8375
8.8428
8.8480
8.8531
8.8583
8.8634
8.8685
8.8735
8.8785
8.8835
8.8885
8.8935
8.8984
8.9033
8.9082
8.9130
8.9178
8.9226
8.9274
8.9321
8.9368
8.9415
8.9462
8.9508
8.9554
8.9600
8.9646
8.9691
8.9736
8.9781
8.9825
8.9870
8.9914
8.9957
9.0001
9.0044
9.0087
9.0130
9.0173
9.0215
9.0257
9.0299
9.0340
9.0381
9.0422
9.0463
9.0504
9.0544
9.0584
9.0624
9.0663
9.0703
9.0742
9.0781
9.0819
9.0857
9.0896
9.0933
9.0971
9.1009
9.1046
9.1083
9.1119
9.1156
9.1192
9.1228
9.1264
9.1300
9.1335
9.1370
9.1405
9.1440
9.1474
9.1508
9.1542
9.1576
9.1610
9.1643
9.1676
9.1709
9.1742
9.1774
9.1806
9.1838
9.1870
9.1902
9.1933
9.1965
9.1996
9.2026
9.2057
9.2087
9.2117
9.2147
9.2177
9.2207
9.2236
9.2265
9.2294
9.2323
9.2352
9.2380
9.2408
9.2436
9.2464
9.2491
9.2519
9.2546
9.2573
9.2600
9.2627
9.2653
9.2679
9.2705
9.2731
9.2757
9.2783
9.2808
9.2833
9.2858
9.2883
9.2908
9.2932
9.2956
9.2981
9.3005
9.3028
9.3052
9.3075
9.3099
9.3122
9.3145
9.3167
9.3190
9.3213
9.3235
9.3257
9.3279
9.3301
9.3322
9.3344
9.3365
9.3386
9.3407
9.3428
9.3449
9.3469
9.3490
9.3510
9.3530
9.3550
9.3570
9.3589
9.3609
9.3628
9.3648
9.3667
9.3685
9.3704
9.3723
9.3741
9.3760
9.3778
9.3796
9.3814
9.3832
9.3849
9.3867
9.3884
9.3902
9.3919
9.3936
9.3953
9.3969
9.3986
9.4003
9.4019
9.4035
9.4051
9.4067
9.4083
9.4099
9.4114
9.4130
9.4145
9.4161
9.4176
9.4191
9.4206
9.4220
9.4235
9.4250
9.4264
9.4278
9.4293
9.4307
9.4321
9.4335
9.4348
9.4362
9.4376
9.4389
9.4402
9.4416
9.4429
9.4442
9.4455
9.4468
9.4480
9.4493
9.4505
9.4518
9.4530
9.4542
9.4554
9.4567
9.4578
9.4590
9.4602
9.4614
9.4625
9.4637
9.4648
9.4659
9.4670
9.4682
9.4693
9.4704
9.4714
9.4725
9.4736
9.4746
9.4757
9.4767
9.4777
9.4788
9.4798
9.4808
9.4818
9.4828
9.4838
9.4847
9.4857
9.4867
9.4876
9.4885
9.4895
9.4904
9.4913
9.4922
9.4931
9.4940
9.4949
9.4958
9.4967
9.4975
9.4984
9.4993
9.5001
9.5009
9.5018
9.5026
9.5034
9.5042
9.5050
9.5058
9.5066
9.5074
9.5082
9.5090
9.5097
9.5105
9.5112
9.5120
9.5127
9.5135
9.5142
9.5149
9.5156
9.5163
9.5170
9.5177
9.5184
9.5191
9.5198
9.5205
9.5211
9.5218
9.5224
9.5231
9.5237
9.5244
9.5250
9.5256
9.5263
9.5269
9.5275
9.5281
9.5287
9.5293
9.5299
9.5305
9.5311
9.5317
9.5322
9.5328
9.5334
9.5339
9.5345
9.5350
9.5356
9.5361
9.5366
9.5372
9.5377
9.5382
9.5387
9.5393
9.5398
9.5403
9.5408
9.5413
9.5418
9.5422
9.5427
9.5432
9.5437
9.5441
9.5446
9.5451
9.5455
9.5460
9.5464
9.5469
9.5473
9.5478
9.5482
9.5486
9.5491
9.5495
9.5499
9.5503
9.5507
9.5511
9.5515
9.5519
9.5523
9.5527
9.5531
9.5535
9.5539
9.5543
9.5547
9.5550
9.5554
9.5558
9.5561
9.5565
9.5569
9.5572
9.5576
9.5579
9.5583
9.5586
9.5590
9.5593
9.5596
9.5600
9.5603
9.5606
9.5609
9.5613
9.5616
9.5619
9.5622
9.5625
9.5628
9.5631
9.5634
9.5637
9.5640
9.5643
9.5646
9.5649
9.5652
9.5655
9.5657
9.5660
9.5663
9.5666
9.5668
9.5671
9.5674
9.5676
9.5679
9.5681
9.5684
9.5687
9.5689
9.5692
9.5694
9.5697
9.5699
9.5701
9.5704
9.5706
9.5708
9.5711
9.5713
9.5715
9.5718
9.5720
9.5722
9.5724
9.5727
9.5729
9.5731
9.5733
9.5735
9.5737
9.5739
9.5741
9.5743
9.5745
9.5747
9.5749
9.5751
9.5753
9.5755
9.5757
9.5759
9.5761
9.5763
9.5765
9.5766
9.5768
9.5770
9.5772
9.5773
9.5775
9.5777
9.5779
9.5780
9.5782
9.5784
9.5785
9.5787
9.5789
9.5790
9.5792
9.5793
9.5795
9.5797
9.5798
9.5800
9.5801
9.5803
9.5804
9.5806
9.5807
9.5808
9.5810
9.5811
9.5813
9.5814
9.5815
9.5817
9.5818
9.5820
9.5821
9.5822
9.5823
9.5825
9.5826
9.5827
9.5829
9.5830
9.5831
9.5832
9.5834
9.5835
9.5836
9.5837
9.5838
9.5839
9.5841
9.5842
9.5843
9.5844
9.5845
9.5846
9.5847
9.5848
9.5849
9.5850
9.5852
9.5853
9.5854
9.5855
9.5856
9.5857
9.5858
9.5859
9.5860
9.5861
9.5862
9.5862
9.5863
9.5864
9.5865
9.5866
9.5867
9.5868
9.5869
9.5870
9.5871
9.5871
9.5872
9.5873
9.5874
9.5875
9.5876
9.5877
9.5877
9.5878
9.5879
9.5880
9.5880
9.5881
9.5882
9.5883
9.5884
9.5884
9.5885
9.5886
9.5887
9.5887
9.5888
9.5889
9.5889
9.5890
9.5891
9.5891
9.5892
9.5893
9.5893
9.5894
9.5895
9.5895
9.5896
9.5897
9.5897
9.5898
9.5899
9.5899
9.5900
9.5900
9.5901
9.5902
9.5902
9.5903
9.5903
9.5904
9.5904
9.5905
9.5905
9.5906
9.5907
9.5907
9.5908
9.5908
9.5909
9.5909
9.5910
9.5910
9.5911
9.5911
9.5912
9.5912
9.5913
9.5913
9.5914
9.5914
9.5915
9.5915
9.5915
9.5916
9.5916
9.5917
9.5917
9.5918
9.5918
9.5919
9.5919
9.5919
9.5920
9.5920
9.5921
9.5921
9.5921
9.5922
9.5922
9.5923
9.5923
9.5923
9.5924
9.5924
9.5925
9.5925
9.5925
9.5926
9.5926
9.5926
9.5927
9.5927
9.5927
9.5928
9.5928
9.5928
9.5929
9.5929
9.5929
9.5930
9.5930
9.5930
9.5931
9.5931
9.5931
9.5932
9.5932
9.5932
9.5933
9.5933
9.5933
9.5933
9.5934
9.5934
9.5934
9.5935
9.5935
9.5935
9.5935
9.5936
9.5936
9.5936
9.5936
9.5937
9.5937
9.5937
9.5937
9.5938
9.5938
9.5938
9.5938
9.5939
9.5939
9.5939
9.5939
9.5940
9.5940
9.5940
9.5940
9.5941
9.5941
9.5941
9.5941
9.5941
9.5942
9.5942
9.5942
9.5942
9.5942
9.5943
9.5943
9.5943
9.5943
9.5943
9.5944
9.5944
9.5944
9.5944
9.5944
9.5945
9.5945
9.5945
9.5945
9.5945
9.5945
9.5946
9.5946
9.5946
9.5946
9.5946
9.5946
9.5947
9.5947
9.5947
9.5947
9.5947
9.5947
9.5948
9.5948
9.5948
9.5948
9.5948
9.5948
9.5948
9.5949
9.5949
9.5949
9.5949
9.5949
9.5949
9.5949
9.5950
9.5950
9.5950
9.5950
9.5950
9.5950
9.5950
9.5951
9.5951
9.5951
9.5951
9.5951
9.5951
9.5951
9.5951
9.5952
9.5952
9.5952
9.5952
9.5952
9.5952
9.5952
9.5952
9.5952
9.5953
9.5953
9.5953
9.5953
9.5953
9.5953
9.5953
9.5953
9.5953
9.5953
9.5954
9.5954
9.5954
9.5954
9.5954
9.5954
9.5954
9.5954
9.5954
9.5954
9.5955
9.5955
9.5955
9.5955
9.5955
9.5955
9.5955
9.5955
9.5955
9.5955
9.5955
9.5955
9.5956
9.5956
9.5956
9.5956
9.5956
9.5956
9.5956
9.5956
9.5956
9.5956
9.5956
9.5956
9.5956
9.5957
9.5957
9.5957
9.5957
9.5957
9.5957
9.5957
9.5957
9.5957
9.5957
9.5957
9.5957
9.5957
9.5957
9.5957
9.5957
9.5958
9.5958
9.5958
9.5958
9.5958
9.5958
9.5958
9.5958
9.5958
9.5958
9.5958
9.5958
9.5958
9.5958
9.5958
9.5958
9.5958
9.5959
9.5959
9.5959
9.5959
9.5959
9.5959
9.5959
9.5959
9.5959
9.5959
9.5959
9.5959
9.5959
9.5959
9.5959
9.5959
9.5959
9.5959
9.5959
9.5959
9.5959
9.5959
9.5960
9.5960
9.5960
9.5960
9.5960
9.5960
9.5960
9.5960
9.5960
9.5960
9.5960
9.5960
9.5960
9.5960
9.5960
9.5960
9.5960
9.5960
9.5960
9.5960
9.5960
9.5960
9.5960
9.5960
9.5960
9.5960
9.5960
9.5961
9.5961
9.5961
9.5961
9.5961
9.5961
9.5961
9.5961
9.5961
9.5961
9.5961
9.5961
9.5961
9.5961
9.5961
9.5961
9.5961
9.5961
9.5961
9.5961
9.5961
9.5961
9.5961
9.5961
9.5961
9.5961
9.5961
9.5961
9.5961
9.5961
9.5961
9.5961
9.5961
9.5961
9.5961
9.5961
9.5962
9.5962
9.5962
9.5962
9.5962
9.5962
9.5962
9.5962
9.5962
9.5962
9.5962
9.5962
9.5962
9.5962
9.5962
9.5962
9.5962
9.5962
9.5962
9.5962
9.5962
9.5962
9.5962
9.5962
9.5962
9.5962
9.5962
9.5962
9.5962
9.5962
9.5962
9.5962
9.5962
9.5962
9.5962
9.5962
9.5962
9.5962
9.5962
9.5962
9.5962
9.5962
9.5962
9.5962
9.5962
9.5962
9.5962
9.5962
9.5962
9.5962
9.5962
9.5962
9.5962
9.5962
9.5962
9.5962
9.5962
9.5963
9.5963
9.5963
9.5963
9.5963
9.5963
9.5963
9.5963
9.5963
9.5963
9.5963
9.5963
9.5963
9.5963
9.5963
9.5963
9.5963
9.5963
9.5963
9.5963
9.5963
9.5963
9.5963
9.5963
9.5963
9.5963
9.5963
9.5963
9.5963
9.5963
9.5963
9.5963
9.5963
9.5963
9.5963
9.5963
9.5963
9.5963
9.5963
9.5963
9.5963
9.5963
9.5963
9.5963
9.5963
9.5963
9.5963
9.5963
9.5963
9.5963
9.5963
9.5963
9.5963
9.5963
9.5963
9.5963
9.5963
9.5963
9.5963
9.5963
9.5963
9.5963
9.5963
9.5963
9.5963
9.5963
9.5963
9.5963
9.5963
9.5963
9.5963
9.5963
9.5963
9.5963
9.5963
9.5963
9.5963
9.5963
9.5963
9.5963
9.5963
9.5963
9.5963
9.5963
9.5963
9.5963
9.5963
9.5963
9.5963
9.5963
9.5963
9.5963
9.5963
9.5963
9.5963
9.5963
9.5963
9.5963
9.5963
9.5963
9.5963
9.5963
9.5963
9.5963
9.5963
9.5963
9.5963
9.5963
9.5963
9.5963
9.5963
9.5963
9.5963
9.5963
9.5963
9.5963
9.5963
9.5963
9.5963
9.5963
9.5963
9.5963
9.5963
9.5963
9.5963
9.5963
9.5963
9.5963
9.5963
9.5963
9.5963
9.5963
9.5963
9.5963
9.5963
9.5963
9.5963
9.5963
9.5964
9.5964
9.5964
9.5964
9.5964
9.5964
9.5964
9.5964
9.5964
9.5964
9.5964
9.5964
9.5964
9.5964
9.5964
9.5964
9.5964
9.5964
9.5964
9.5964
9.5964
9.5964
9.5964
9.5964
9.5964
9.5964
9.5964
9.5964
9.5964
9.5964
9.5964
9.5964
9.5964
9.5964
9.5964
9.5964
9.5964
9.5964
9.5964
9.5964
9.5964
9.5964
9.5964
9.5964
9.5964
9.5964
9.5964
9.5964
9.5964
9.5964
9.5964
9.5964
9.5964
9.5964
9.5964
9.5964
9.5964
9.5964
9.5964
9.5964
9.5964
9.5964
9.5964
9.5964
9.5964
9.5964
9.5964
9.5964
9.5964
9.5964
9.5964
9.5964
9.5964
9.5964
9.5964
9.5964
9.5964
9.5964
9.5964
9.5964
9.5964
9.5964
9.5964
9.5964
9.5964
9.5964
9.5964
9.5964
9.5964
9.5964
9.5964
9.5964
9.5964
9.5964
9.5964
9.5964
9.5964
9.5964
9.5964
9.5964
9.5964
9.5964
9.5964
9.5964
9.5964
9.5964
9.5964
9.5964
9.5964
9.5964
9.5964
9.5964
9.5964
9.5964
9.5964
9.5964
9.5964
9.5964
9.5964
9.5964
9.5964
9.5964
9.5964
9.5964
9.5964
9.5964
9.5964
9.5964
9.5964
9.5964
9.5964
9.5964
9.5964
9.5964
9.5964
9.5964
9.5964
9.5964
9.5964
9.5964
9.5964
9.5964
9.5964
9.5964
9.5964
9.5964
9.5964
9.5964
9.5964
9.5964
9.5964
9.5964
9.5964
9.5964
9.5964
9.5964
9.5964
9.5964
9.5964
9.5964
9.5964
9.5964
9.5964
9.5964
9.5964
9.5964
9.5964
9.5964
9.5964
9.5964
9.5964
9.5964
9.5964
9.5964
9.5964
9.5964
9.5964
9.5964
9.5964
9.5964
9.5964
9.5964
9.5964
9.5964
9.5964
9.5964
9.5964
9.5964
9.5964
9.5964
9.5964
9.5964
9.5964
9.5964
9.5964
9.5964
9.5964
9.5964
9.5964
9.5964
9.5964
9.5964
9.5964
9.5964
9.5964
9.5964
9.5964
9.5964
9.5964
9.5964
9.5964
9.5964
9.5964
9.5964
9.5964
9.5964
9.5964
9.5964
9.5964
9.5964
9.5964
9.5964
9.5964
9.5964
9.5964
9.5964
9.5964
9.5964
9.5964
9.5964
9.5964
9.5964
9.5964
9.5964
9.5964
9.5964
9.5964
9.5964
9.5964
9.5964
9.5964
9.5964
9.5964
9.5964
9.5964
9.5964
9.5964
9.5964
9.5964
9.5964
9.5964
9.5964
9.5964
9.5964
9.5964
9.5964
9.5964
9.5964
9.5964
9.5964
9.5964
9.5964
9.5964
9.5964
9.5964
9.5964
9.5964
9.5964
9.5964
9.5964
9.5964
9.5964
9.5964
9.5964
9.5964
9.5964
9.5964
9.5964
9.5964
9.5964
9.5964
9.5964
9.5964
9.5964
9.5964
9.5964
9.5964
9.5964
9.5964
9.5964
9.5964
9.5964
9.5964
9.5964
9.5964
9.5964
9.5964
9.5964
9.5964
9.5964
9.5964
9.5964
9.5964
9.5964
9.5964
9.5964
9.5964
9.5964
9.5964
9.5964
9.5964
9.5964
9.5964
9.5964
9.5964
9.5964
9.5964
9.5964
9.5964
9.5964
9.5964
9.5964
9.5964
9.5964
9.5964
9.5964
9.5964
9.5964
9.5964
9.5964
9.5964
9.5964
9.5964
9.5964
9.5964
9.5964
9.5964
9.5964
9.5964
9.5964
9.5964
9.5964
9.5964
9.5964
9.5964
9.5964
9.5964
9.5964
9.5964
9.5964
9.5964
9.5964
9.5964
9.5964
9.5964
9.5964
9.5964
9.5964
9.5964
9.5964
9.5964
9.5964
9.5964
9.5964
9.5964
9.5964
9.5964
9.5964
9.5964
9.5964
9.5964
9.5964
9.5964
9.5964
9.5964
9.5964
9.5964
9.5964
9.5964
9.5964
9.5964
9.5964
9.5964
9.5964
9.5964
9.5964
9.5964
9.5964
9.5964
9.5964
9.5964
9.5964
9.5964
9.5964
9.5964
9.5964
9.5964
9.5964
9.5964
9.5964
9.5964
9.5964
9.5964
9.5964
9.5964
9.5964
9.5964
9.5964
9.5964
9.5964
9.5964
9.5964
9.5964
9.5964
9.5964
9.5964
9.5964
9.5964
9.5964
9.5964
9.5964
9.5964
9.5964
9.5964
9.5964
9.5964
9.5964
9.5964
9.5964
9.5964
9.5964
9.5964
9.5964
9.5964
9.5964
9.5964
9.5964
9.5964
9.5964
9.5964
9.5964
9.5964
9.5964
9.5964
9.5964
9.5964
9.5964
9.5964
9.5964
9.5964
9.5964
9.5964
9.5964
9.5964
9.5964
9.5964
9.5964
9.5964
9.5964
9.5964
9.5964
9.5964
9.5964
9.5964
9.5964
9.5964
9.5964
9.5964
9.5964
9.5964
9.5964
9.5964
9.5964
9.5964
9.5964
9.5964
9.5964
9.5964
9.5964
9.5964
9.5964
9.5964
9.5964
9.5964
9.5964
9.5964
9.5964
9.5964
9.5964
9.5964
9.5964
9.5964
9.5964
9.5964
9.5964
9.5964
9.5964
9.5964
9.5964
9.5964
9.5964
9.5964
9.5964
9.5964
9.5964
9.5964
9.5964
9.5964
9.5964
9.5964
9.5964
9.5964
9.5964
9.5964
9.5964
9.5964
9.5964
9.5964
9.5964
9.5964
9.5964
9.5964
9.5964
9.5964
9.5964
9.5964
9.5964
9.5964
9.5964
9.5964
9.5964
9.5964
9.5964
9.5964
9.5964
9.5964
9.5964
9.5964
9.5964
9.5964
9.5964
9.5964
9.5964
9.5964
9.5964
9.5964
9.5964
9.5964
9.5964
9.5964
9.5964
9.5964
9.5964
9.5964
9.5964
9.5964
9.5964
9.5964
9.5964
9.5964
9.5964
9.5964
9.5964
9.5964
9.5964
9.5964
9.5964
9.5964
9.5964
9.5964
9.5964
9.5964
9.5964
9.5964
9.5964
9.5964
9.5964
9.5964
9.5964
9.5964
9.5964
9.5964
9.5964
9.5964
9.5964
9.5964
9.5964
9.5964
9.5964
9.5964
9.5964
9.5964
9.5964
9.5964
9.5964
9.5964
9.5964
9.5964
9.5964
9.5964
9.5964
9.5964
9.5964
9.5964
9.5964
9.5964
9.5964
9.5964
9.5964
9.5964
9.5964
9.5964
9.5964
9.5964
9.5964
9.5964
9.5964
9.5964
9.5964
9.5964
9.5964
9.5964
9.5964
9.5964
9.5964
9.5964
9.5964
9.5964
9.5964
9.5964
9.5964
9.5964
9.5964
9.5964
9.5964
9.5964
9.5964
9.5964
9.5964
9.5964
9.5964
9.5964
9.5964
9.5964
9.5964
9.5964
9.5964
9.5964
9.5964
9.5964
9.5964
9.5964
9.5964
9.5964
9.5964
9.5964
9.5964
9.5964
9.5964
9.5964
9.5964
9.5964
9.5964
9.5964
9.5964
9.5964
9.5964
9.5964
9.5964
9.5964
9.5964
9.5964
9.5964
9.5964
9.5964
9.5964
9.5964
9.5964
9.5964
9.5964
9.5964
9.5964
9.5964
9.5964
9.5964
9.5964
9.5964
9.5964
9.5964
9.5964
9.5964
9.5964
9.5964
9.5964
9.5964
9.5964
9.5964
9.5964
9.5964
9.5964
9.5964
9.5964
9.5964
9.5964
9.5964
9.5964
9.5964
9.5964
9.5964
9.5964
9.5964
9.5964
9.5964
9.5964
9.5964
9.5964
9.5964
9.5964
9.5964
9.5964
9.5964
9.5964
9.5964
9.5964
9.5964
9.5964
9.5964
9.5964
9.5964
9.5964
9.5964
9.5964
9.5964
9.5964
9.5964
9.5964
9.5964
9.5964
9.5964
9.5964
9.5964
9.5964
9.5964
9.5964
9.5964
9.5964
9.5964
9.5964
9.5964
9.5964
9.5964
9.5964
9.5964
9.5964
9.5964
9.5964
9.5964
9.5964
9.5964
9.5964
9.5964
9.5964
9.5964
9.5964
9.5964
9.5964
9.5964
9.5964
9.5964
9.5964
9.5964
9.5964
9.5964
9.5964
9.5964
9.5964
9.5964
9.5964
9.5964
9.5964
9.5964
9.5964
9.5964
9.5964
9.5964
9.5964
9.5964
9.5964
9.5964
9.5964
9.5964
9.5964
9.5964
9.5964
9.5964
9.5964
9.5964
9.5964
9.5964
9.5964
9.5964
9.5964
9.5964
9.5964
9.5964
9.5964
9.5964
9.5964
9.5964
9.5964
9.5964
9.5964
9.5964
9.5964
9.5964
9.5964
9.5964
9.5964
9.5964
9.5964
9.5964
9.5964
9.5964
9.5964
9.5964
9.5964
9.5964
9.5964
9.5964
9.5964
9.5964
9.5964
9.5964
9.5964
9.5964
9.5964
9.5964
9.5964
9.5964
9.5964
9.5964
9.5964
9.5964
9.5964
9.5964
9.5964
9.5964
9.5964
9.5964
9.5964
9.5964
9.5964
9.5964
9.5964
9.5964
9.5964
9.5964
9.5964
9.5964
9.5964
9.5964
9.5964
9.5964
9.5964
9.5964
9.5964
9.5964
9.5964
9.5964
9.5964
9.5964
9.5964
9.5964
9.5964
9.5964
9.5964
9.5964
9.5964
9.5964
9.5964
9.5964
9.5964
9.5964
9.5964
9.5964
9.5964
9.5964
9.5964
9.5964
9.5964
9.5964
9.5964
9.5964
9.5964
9.5964
9.5964
9.5964
9.5964
9.5964
9.5964
9.5964
9.5964
9.5964
9.5964
9.5964
9.5964
9.5964
9.5964
9.5964
9.5964
9.5964
9.5964
9.5964
9.5964
9.5964
9.5964
9.5964
9.5964
9.5964
9.5964
9.5964
9.5964
9.5964
9.5964
9.5964
9.5964
9.5964
9.5964
9.5964
9.5964
9.5964
9.5964
9.5964
9.5964
9.5964
9.5964
9.5964
9.5964
9.5964
9.5964
9.5964
9.5964
9.5964
9.5964
9.5964
9.5964
9.5964
9.5964
9.5964
9.5964
9.5964
9.5964
9.5964
9.5964
9.5964
9.5964
9.5964
9.5964
9.5964
9.5964
9.5964
9.5964
9.5964
9.5964
9.5964
9.5964
9.5964
9.5964
9.5964
9.5964
9.5964
9.5964
9.5964
9.5964
9.5964
9.5964
9.5964
9.5964
9.5964
9.5964
9.5964
9.5964
9.5964
9.5964
9.5964
9.5964
9.5964
9.5964
9.5964
9.5964
9.5964
9.5964
9.5964
9.5964
9.5964
9.5964
9.5964
9.5964
9.5964
9.5964
9.5964
9.5964
9.5964
9.5964
9.5964
9.5964
9.5964
9.5964
9.5964
9.5964
9.5964
9.5964
9.5964
9.5964
9.5964
9.5964
9.5964
9.5964
9.5964
9.5964
9.5964
9.5964
9.5964
9.5964
9.5964
9.5964
9.5964
9.5964
9.5964
9.5964
9.5964
9.5964
9.5964
9.5964
9.5964
9.5964
9.5964
9.5964
9.5964
9.5964
9.5964
9.5964
9.5964
9.5964
9.5964
9.5964
9.5964
9.5964
9.5964
9.5964
9.5964
9.5964
9.5964
9.5964
9.5964
9.5964
9.5964
9.5964
9.5964
9.5964
9.5964
9.5964
9.5964
9.5964
9.5964
9.5964
9.5964
9.5964
9.5964
9.5964
9.5964
9.5964
9.5964
9.5964
9.5964
9.5964
9.5964
9.5964
9.5964
9.5964
9.5964
9.5964
9.5964
9.5964
9.5964
9.5964
9.5964
9.5964
9.5964
9.5964
9.5964
9.5964
9.5964
9.5964
9.5964
9.5964
9.5964
9.5964
9.5964
9.5964
9.5964
9.5964
9.5964
9.5964
9.5964
9.5964
9.5964
9.5964
9.5964
9.5964
9.5964
9.5964
9.5964
9.5964
9.5964
9.5964
9.5964
9.5964
9.5964
9.5964
9.5964
9.5964
9.5964
9.5964
9.5964
9.5964
9.5964
9.5964
9.5964
9.5964
9.5964
9.5964
9.5964
9.5964
9.5964
9.5964
9.5964
9.5964
9.5964
9.5964
9.5964
9.5964
9.5964
9.5964
9.5964
9.5964
9.5964
9.5964
9.5964
9.5964
9.5964
9.5964
9.5964
9.5964
9.5964
9.5964
9.5964
9.5964
9.5964
9.5964
9.5964
9.5964
9.5964
9.5964
9.5964
9.5964
9.5964
9.5964
9.5964
9.5964
9.5964
9.5964
9.5964
9.5964
9.5964
9.5964
9.5964
9.5964
9.5964
9.5964
9.5964
9.5964
9.5964
9.5964
9.5964
9.5964
9.5964
9.5964
9.5964
9.5964
9.5964
9.5964
9.5964
9.5964
9.5964
9.5964
9.5964
9.5964
9.5964
9.5964
9.5964
9.5964
9.5964
9.5964
9.5964
9.5964
9.5964
9.5964
9.5964
9.5964
9.5964
9.5964
9.5964
9.5964
9.5964
9.5964
9.5964
9.5964
9.5964
9.5964
9.5964
9.5964
9.5964
9.5964
9.5964
9.5964
9.5964
9.5964
9.5964
9.5964
9.5964
9.5964
9.5964
9.5964
9.5964
9.5964
9.5964
9.5964
9.5964
9.5964
9.5964
9.5964
9.5964
9.5964
9.5964
9.5964
9.5964
9.5964
9.5964
9.5964
9.5964
9.5964
9.5964
9.5964
9.5964
9.5964
9.5964
9.5964
9.5964
9.5964
9.5964
9.5964
9.5964
9.5964
9.5964
9.5964
9.5964
9.5964
9.5964
9.5964
9.5964
9.5964
9.5964
9.5964
9.5964
9.5964
9.5964
9.5964
9.5964
9.5964
9.5964
9.5964
9.5964
9.5964
9.5964
9.5964
9.5964
9.5964
9.5964
9.5964
9.5964
9.5964
9.5964
9.5964
9.5964
9.5964
9.5964
9.5964
9.5964
9.5964
9.5964
9.5964
9.5964
9.5964
9.5964
9.5964
9.5964
9.5964
9.5964
9.5964
9.5964
9.5964
9.5964
9.5964
9.5964
9.5964
9.5964
9.5964
9.5964
9.5964
9.5964
9.5964
9.5964
9.5964
9.5964
9.5964
9.5964
9.5964
9.5964
9.5964
9.5964
9.5964
9.5964
9.5964
9.5964
9.5964
9.5964
9.5964
9.5964
9.5964
9.5964
9.5964
9.5964
9.5964
9.5964
9.5964
9.5964
9.5964
9.5964
9.5964
9.5964
9.5964
9.5964
9.5964
9.5964
9.5964
9.5964
9.5964
9.5964
9.5964
9.5964
9.5964
9.5964
9.5964
9.5964
9.5964
9.5964
9.5964
9.5964
9.5964
9.5964
9.5964
9.5964
9.5964
9.5964
9.5964
9.5964
9.5964
9.5964
9.5964
9.5964
9.5964
9.5964
9.5964
9.5964
9.5964
9.5964
9.5964
9.5964
9.5964
9.5964
9.5964
9.5964
9.5964
9.5964
9.5964
9.5964
9.5964
9.5964
9.5964
9.5964
9.5964
9.5964
9.5964
9.5964
9.5964
9.5964
9.5964
9.5964
9.5964
9.5964
9.5964
9.5964
9.5964
9.5964
9.5964
9.5964
9.5964
9.5964
9.5964
9.5964
9.5964
9.5964
9.5964
9.5964
9.5964
9.5964
9.5964
9.5964
9.5964
9.5964
9.5964
9.5964
9.5964
9.5964
9.5964
9.5964
9.5964
9.5964
9.5964
9.5964
9.5964
9.5964
9.5964
9.5964
9.5964
9.5964
9.5964
9.5964
9.5964
9.5964
9.5964
9.5964
9.5964
9.5964
9.5964
9.5964
9.5964
9.5964
9.5964
9.5964
9.5964
9.5964
9.5964
9.5964
9.5964
9.5964
9.5964
9.5964
9.5964
9.5964
9.5964
9.5964
9.5964
9.5964
9.5964
9.5964
9.5964
9.5964
9.5964
9.5964
9.5964
9.5964
9.5964
9.5964
9.5964
9.5964
9.5964
9.5964
9.5964
9.5964
9.5964
9.5964
9.5964
9.5964
9.5964
9.5964
9.5964
9.5964
9.5964
9.5964
9.5964
9.5964
9.5964
9.5964
9.5964
9.5964
9.5964
9.5964
9.5964
9.5964
9.5964
9.5964
9.5964
9.5964
9.5964
9.5964
9.5964
9.5964
9.5964
9.5964
9.5964
9.5964
9.5964
9.5964
9.5964
9.5964
9.5964
9.5964
9.5964
9.5964
9.5964
9.5964
9.5964
9.5964
9.5964
9.5964
9.5964
9.5964
9.5964
9.5964
9.5964
9.5964
9.5964
9.5964
9.5964
9.5964
9.5964
9.5964
9.5964
9.5964
9.5964
9.5964
9.5964
9.5964
9.5964
9.5964
9.5964
9.5964
9.5964
9.5964
9.5964
9.5964
9.5964
9.5964
9.5964
9.5964
9.5964
9.5964
9.5964
9.5964
9.5964
9.5964
9.5964
9.5964
9.5964
9.5964
9.5964
9.5964
9.5964
9.5964
9.5964
9.5964
9.5964
9.5964
9.5964
9.5964
9.5964
9.5964
9.5964
9.5964
9.5964
9.5964
9.5964
9.5964
9.5964
9.5964
9.5964
9.5964
9.5964
9.5964
9.5964
9.5964
9.5964
9.5964
9.5964
9.5964
9.5964
9.5964
9.5964
9.5964
9.5964
9.5964
9.5964
9.5964
9.5964
9.5964
9.5964
9.5964
9.5964
9.5964
9.5964
9.5964
9.5964
9.5964
9.5964
9.5964
9.5964
9.5964
9.5964
9.5964
9.5964
9.5964
9.5964
9.5964
9.5964
9.5964
9.5964
9.5964
9.5964
9.5964
9.5964
9.5964
9.5964
9.5964
9.5964
9.5964
9.5964
9.5964
9.5964
9.5964
9.5964
9.5964
9.5964
9.5964
9.5964
9.5964
9.5964
9.5964
9.5964
9.5964
9.5964
9.5964
9.5964
9.5964
9.5964
9.5964
9.5964
9.5964
9.5964
9.5964
9.5964
9.5964
9.5964
9.5964
9.5964
9.5964
9.5964
9.5964
9.5964
9.5964
9.5964
9.5964
9.5964
9.5964
9.5964
9.5964
9.5964
9.5964
9.5964
9.5964
9.5964
9.5964
9.5964
9.5964
9.5964
9.5964
9.5964
9.5964
9.5964
9.5964
9.5964
9.5964
9.5964
9.5964
9.5964
9.5964
9.5964
9.5964
9.5964
9.5964
9.5964
9.5964
9.5964
9.5964
9.5964
9.5964
9.5964
9.5964
9.5964
9.5964
9.5964
9.5964
9.5964
9.5964
9.5964
9.5964
9.5964
9.5964
9.5964
9.5964
9.5964
9.5964
9.5964
9.5964
9.5964
9.5964
9.5964
9.5964
9.5964
9.5964
9.5964
9.5964
9.5964
9.5964
9.5964
9.5964
9.5964
9.5964
9.5964
9.5964
9.5964
9.5964
9.5964
9.5964
9.5964
9.5964
9.5964
9.5964
9.5964
9.5964
9.5964
9.5964
9.5964
9.5964
9.5964
9.5964
9.5964
9.5964
9.5964
9.5964
9.5964
9.5964
9.5964
9.5964
9.5964
9.5964
9.5964
9.5964
9.5964
9.5964
9.5964
9.5964
9.5964
9.5964
9.5964
9.5964
9.5964
9.5964
9.5964
9.5964
9.5964
9.5964
9.5964
9.5964
9.5964
9.5964
9.5964
9.5964
9.5964
9.5964
9.5964
9.5964
9.5964
9.5964
9.5964
9.5964
9.5964
9.5964
9.5964
9.5964
9.5964
9.5964
9.5964
9.5964
9.5964
9.5964
9.5964
9.5964
9.5964
9.5964
9.5964
9.5964
9.5964
9.5964
9.5964
9.5964
9.5964
9.5964
9.5964
9.5964
9.5964
9.5964
9.5964
9.5964
9.5964
9.5964
9.5964
9.5964
9.5964
9.5964
9.5964
9.5964
9.5964
9.5964
9.5964
9.5964
9.5964
9.5964
9.5964
9.5964
9.5964
9.5964
9.5964
9.5964
9.5964
9.5964
9.5964
9.5964
9.5964
9.5964
9.5964
9.5964
9.5964
9.5964
9.5964
9.5964
9.5964
9.5964
9.5964
9.5964
9.5964
9.5964
9.5964
9.5964
9.5964
9.5964
9.5964
9.5964
9.5964
9.5964
9.5964
9.5964
9.5964
9.5964
9.5964
9.5964
9.5964
9.5964
9.5964
9.5964
9.5964
9.5964
9.5964
9.5964
9.5964
9.5964
9.5964
9.5964
9.5964
9.5964
9.5964
9.5964
9.5964
9.5964
9.5964
9.5964
9.5964
9.5964
9.5964
9.5964
9.5964
9.5964
9.5964
9.5964
9.5964
9.5964
9.5964
9.5964
9.5964
9.5964
9.5964
9.5964
9.5964
9.5964
9.5964
9.5964
9.5964
9.5964
9.5964
9.5964
9.5964
9.5964
9.5964
9.5964
9.5964
9.5964
9.5964
9.5964
9.5964
9.5964
9.5964
9.5964
9.5964
9.5964
9.5964
9.5964
9.5964
9.5964
9.5964
9.5964
9.5964
9.5964
9.5964
9.5964
9.5964
9.5964
9.5964
9.5964
9.5964
9.5964
9.5964
9.5964
9.5964
9.5964
9.5964
9.5964
9.5964
9.5964
9.5964
9.5964
9.5964
9.5964
9.5964
9.5964
9.5964
9.5964
9.5964
9.5964
9.5964
9.5964
9.5964
9.5964
9.5964
9.5964
9.5964
9.5964
9.5964
9.5964
9.5964
9.5964
9.5964
9.5964
9.5964
9.5964
9.5964
9.5964
9.5964
9.5964
9.5964
9.5964
9.5964
9.5964
9.5964
9.5964
9.5964
9.5964
9.5964
9.5964
9.5964
9.5964
9.5964
9.5964
9.5964
9.5964
9.5964
9.5964
9.5964
9.5964
9.5964
9.5964
9.5964
9.5964
9.5964
9.5964
9.5964
9.5964
9.5964
9.5964
9.5964
9.5964
9.5964
9.5964
9.5964
9.5964
9.5964
9.5964
9.5964
9.5964
9.5964
9.5964
9.5964
9.5964
9.5964
9.5964
9.5964
9.5964
9.5964
9.5964
9.5964
9.5964
9.5964
9.5964
9.5964
9.5964
9.5964
9.5964
9.5964
9.5964
9.5964
9.5964
9.5964
9.5964
9.5964
9.5964
9.5964
9.5964
9.5964
9.5964
9.5964
9.5964
9.5964
9.5964
9.5964
9.5964
9.5964
9.5964
9.5964
9.5964
9.5964
9.5964
9.5964
9.5964
9.5964
9.5964
9.5964
9.5964
9.5964
9.5964
9.5964
9.5964
9.5964
9.5964
9.5964
9.5964
9.5964
9.5964
9.5964
9.5964
9.5964
9.5964
9.5964
9.5964
9.5964
9.5964
9.5964
9.5964
9.5964
9.5964
9.5964
9.5964
9.5964
9.5964
9.5964
9.5964
9.5964
9.5964
9.5964
9.5964
9.5964
9.5964
9.5964
9.5964
9.5964
9.5964
9.5964
9.5964
9.5964
9.5964
9.5964
9.5964
9.5964
9.5964
9.5964
9.5964
9.5964
9.5964
9.5964
9.5964
9.5964
9.5964
9.5964
9.5964
9.5964
9.5964
9.5964
9.5964
9.5964
9.5964
9.5964
9.5964
9.5964
9.5964
9.5964
9.5964
9.5964
9.5964
9.5964
9.5964
9.5964
9.5964
9.5964
9.5964
9.5964
9.5964
9.5964
9.5964
9.5964
9.5964
9.5964
9.5964
9.5964
9.5964
9.5964
9.5964
9.5964
9.5964
9.5964
9.5964
9.5964
9.5964
9.5964
9.5964
9.5964
9.5964
9.5964
9.5964
9.5964
9.5964
9.5964
9.5964
9.5964
9.5964
9.5964
9.5964
9.5964
9.5964
9.5964
9.5964
9.5964
9.5964
9.5964
9.5964
9.5964
9.5964
9.5964
9.5964
9.5964
9.5964
9.5964
9.5964
9.5964
9.5964
9.5964
9.5964
9.5964
9.5964
9.5964
9.5964
9.5964
9.5964
9.5964
9.5964
9.5964
9.5964
9.5964
9.5964
9.5964
9.5964
9.5964
9.5964
9.5964
9.5964
9.5964
9.5964
9.5964
9.5964
9.5964
9.5964
9.5964
9.5964
9.5964
9.5964
9.5964
9.5964
9.5964
9.5964
9.5964
9.5964
9.5964
9.5964
9.5964
9.5964
9.5964
9.5964
9.5964
9.5964
9.5964
9.5964
9.5964
9.5964
9.5964
9.5964
9.5964
9.5964
9.5964
9.5964
9.5964
9.5964
9.5964
9.5964
9.5964
9.5964
9.5964
9.5964
9.5964
9.5964
9.5964
9.5964
9.5964
9.5964
9.5964
9.5964
9.5964
9.5964
9.5964
9.5964
9.5964
9.5964
9.5964
9.5964
9.5964
9.5964
9.5964
9.5964
9.5964
9.5964
9.5964
9.5964
9.5964
9.5964
9.5964
9.5964
9.5964
9.5964
9.5964
9.5964
9.5964
9.5964
9.5964
9.5964
9.5964
9.5964
9.5964
9.5964
9.5964
9.5964
9.5964
9.5964
9.5964
9.5964
9.5964
9.5964
9.5964
9.5964
9.5964
9.5964
9.5964
9.5964
9.5964
9.5964
9.5964
9.5964
9.5964
9.5964
9.5964
9.5964
9.5964
9.5964
9.5964
9.5964
9.5964
9.5964
9.5964
9.5964
9.5964
9.5964
9.5964
9.5964
9.5964
9.5964
9.5964
9.5964
9.5964
9.5964
9.5964
9.5964
9.5964
9.5964
9.5964
9.5964
9.5964
9.5964
9.5964
9.5964
9.5964
9.5964
9.5964
9.5964
9.5964
9.5964
9.5964
9.5964
9.5964
9.5964
9.5964
9.5964
9.5964
9.5964
9.5964
9.5964
9.5964
9.5964
9.5964
9.5964
9.5964
9.5964
9.5964
9.5964
9.5964
9.5964
9.5964
9.5964
9.5964
9.5964
9.5964
9.5964
9.5964
9.5964
9.5964
9.5964
9.5964
9.5964
9.5964
9.5964
9.5964
9.5964
9.5964
9.5964
9.5964
9.5964
9.5964
9.5964
9.5964
9.5964
9.5964
9.5964
9.5964
9.5964
9.5964
9.5964
9.5964
9.5964
9.5964
9.5964
9.5964
9.5964
9.5964
9.5964
9.5964
9.5964
9.5964
9.5964
9.5964
9.5964
9.5964
9.5964
9.5964
9.5964
9.5964
9.5964
9.5964
9.5964
9.5964
9.5964
9.5964
9.5964
9.5964
9.5964
9.5964
9.5964
9.5964
9.5964
9.5964
9.5964
9.5964
9.5964
9.5964
9.5964
9.5964
9.5964
9.5964
9.5964
9.5964
9.5964
9.5964
9.5964
9.5964
9.5964
9.5964
9.5964
9.5964
9.5964
9.5964
9.5964
9.5964
9.5964
9.5964
9.5964
9.5964
9.5964
9.5964
9.5964
9.5964
9.5964
9.5964
9.5964
9.5964
9.5964
9.5964
9.5964
9.5964
9.5964
9.5964
9.5964
9.5964
9.5964
9.5964
9.5964
9.5964
9.5964
9.5964
9.5964
9.5964
9.5964
9.5964
9.5964
9.5964
9.5964
9.5964
9.5964
9.5964
9.5964
9.5964
9.5964
9.5964
9.5964
9.5964
9.5964
9.5964
9.5964
9.5964
9.5964
9.5964
9.5964
9.5964
9.5964
9.5964
9.5964
9.5964
9.5964
9.5964
9.5964
9.5964
9.5964
9.5964
9.5964
9.5964
9.5964
9.5964
9.5964
9.5964
9.5964
9.5964
9.5964
9.5964
9.5964
9.5964
9.5964
9.5964
9.5964
9.5964
9.5964
9.5964
9.5964
9.5964
9.5964
9.5964
9.5964
9.5964
9.5964
9.5964
9.5964
9.5964
9.5964
9.5964
9.5964
9.5964
9.5964
9.5964
9.5964
9.5964
9.5964
9.5964
9.5964
9.5964
9.5964
9.5964
9.5964
9.5964
9.5964
9.5964
9.5964
9.5964
9.5964
9.5964
9.5964
9.5964
9.5964
9.5964
9.5964
9.5964
9.5964
9.5964
9.5964
9.5964
9.5964
9.5964
9.5964
9.5964
9.5964
9.5964
9.5964
9.5964
9.5964
9.5964
9.5964
9.5964
9.5964
9.5964
9.5964
9.5964
9.5964
9.5964
9.5964
9.5964
9.5964
9.5964
9.5964
9.5964
9.5964
9.5964
9.5964
9.5964
9.5964
9.5964
9.5964
9.5964
9.5964
9.5964
9.5964
9.5964
9.5964
9.5964
9.5964
9.5964
9.5964
9.5964
9.5964
9.5964
9.5964
9.5964
9.5964
9.5964
9.5964
9.5964
9.5964
9.5964
9.5964
9.5964
9.5964
9.5964
9.5964
9.5964
9.5964
9.5964
9.5964
9.5964
9.5964
9.5964
9.5964
9.5964
9.5964
9.5964
9.5964
9.5964
9.5964
9.5964
9.5964
9.5964
9.5964
9.5964
9.5964
9.5964
9.5964
9.5964
9.5964
9.5964
9.5964
9.5964
9.5964
9.5964
9.5964
9.5964
9.5964
9.5964
9.5964
9.5964
9.5964
9.5964
9.5964
9.5964
9.5964
9.5964
9.5964
9.5964
9.5964
9.5964
9.5964
9.5964
9.5964
9.5964
9.5964
9.5964
9.5964
9.5964
9.5964
9.5964
9.5964
9.5964
9.5964
9.5964
9.5964
9.5964
9.5964
9.5964
9.5964
9.5964
9.5964
9.5964
9.5964
9.5964
9.5964
9.5964
9.5964
9.5964
9.5964
9.5964
9.5964
9.5964
9.5964
9.5964
9.5964
9.5964
9.5964
9.5964
9.5964
9.5964
9.5964
9.5964
9.5964
9.5964
9.5964
9.5964
9.5964
9.5964
9.5964
9.5964
9.5964
9.5964
9.5964
9.5964
9.5964
9.5964
9.5964
9.5964
9.5964
9.5964
9.5964
9.5964
9.5964
9.5964
9.5964
9.5964
9.5964
9.5964
9.5964
9.5964
9.5964
9.5964
9.5964
9.5964
9.5964
9.5964
9.5964
9.5964
9.5964
9.5964
9.5964
9.5964
9.5964
9.5964
9.5964
9.5964
9.5964
9.5964
9.5964
9.5964
9.5964
9.5964
9.5964
9.5964
9.5964
9.5964
9.5964
9.5964
9.5964
9.5964
9.5964
9.5964
9.5964
9.5964
9.5964
9.5964
9.5964
9.5964
9.5964
9.5964
9.5964
9.5964
9.5964
9.5964
9.5964
9.5964
9.5964
9.5964
9.5964
9.5964
9.5964
9.5964
9.5964
9.5964
9.5964
9.5964
9.5964
9.5964
9.5964
9.5964
9.5964
9.5964
9.5964
9.5964
9.5964
9.5964
9.5964
9.5964
9.5964
9.5964
9.5964
9.5964
9.5964
9.5964
9.5964
9.5964
9.5964
9.5964
9.5964
9.5964
9.5964
9.5964
9.5964
9.5964
9.5964
9.5964
9.5964
9.5964
9.5964
9.5964
9.5964
9.5964
9.5964
9.5964
9.5964
9.5964
9.5964
9.5964
9.5964
9.5964
9.5964
9.5964
9.5964
9.5964
9.5964
9.5964
9.5964
9.5964
9.5964
9.5964
9.5964
9.5964
9.5964
9.5964
9.5964
9.5964
9.5964
9.5964
9.5964
9.5964
9.5964
9.5964
9.5964
9.5964
9.5964
9.5964
9.5964
9.5964
9.5964
9.5964
9.5964
9.5964
9.5964
9.5964
9.5964
9.5964
9.5964
9.5964
9.5964
9.5964
9.5964
9.5964
9.5964
9.5964
9.5964
9.5964
9.5964
9.5964
9.5964
9.5964
9.5964
9.5964
9.5964
9.5964
9.5964
9.5964
9.5964
9.5964
9.5964
9.5964
9.5964
9.5964
9.5964
9.5964
9.5964
9.5964
9.5964
9.5964
9.5964
9.5964
9.5964
9.5964
9.5964
9.5964
9.5964
9.5964
9.5964
9.5964
9.5964
9.5964
9.5964
9.5964
9.5964
9.5964
9.5964
9.5964
9.5964
9.5964
9.5964
9.5964
9.5964
9.5964
9.5964
9.5964
9.5964
9.5964
9.5964
9.5964
9.5964
9.5964
9.5964
9.5964
9.5964
9.5964
9.5964
9.5964
9.5964
9.5964
9.5964
9.5964
9.5964
9.5964
9.5964
9.5964
9.5964
9.5964
9.5964
9.5964
9.5964
9.5964
9.5964
9.5964
9.5964
9.5964
9.5964
9.5964
9.5964
9.5964
9.5964
9.5964
9.5964
9.5964
9.5964
9.5964
9.5964
9.5964
9.5964
9.5964
9.5964
9.5964
9.5964
9.5964
9.5964
9.5964
9.5964
9.5964
9.5964
9.5964
9.5964
9.5964
9.5964
9.5964
9.5964
9.5964
9.5964
9.5964
9.5964
9.5964
9.5964
9.5964
9.5964
9.5964
9.5964
9.5964
9.5964
9.5964
9.5964
9.5964
9.5964
9.5964
9.5964
9.5964
9.5964
9.5964
9.5964
9.5964
9.5964
9.5964
9.5964
9.5964
9.5964
9.5964
9.5964
9.5964
9.5964
9.5964
9.5964
9.5964
9.5964
9.5964
9.5964
9.5964
9.5964
9.5964
9.5964
9.5964
9.5964
9.5964
9.5964
9.5964
9.5964
9.5964
9.5964
9.5964
9.5964
9.5964
9.5964
9.5964
9.5964
9.5964
9.5964
9.5964
9.5964
9.5964
9.5964
9.5964
9.5964
9.5964
9.5964
9.5964
9.5964
9.5964
9.5964
9.5964
9.5964
9.5964
9.5964
9.5964
9.5964
9.5964
9.5964
9.5964
9.5964
9.5964
9.5964
9.5964
9.5964
9.5964
9.5964
9.5964
9.5964
9.5964
9.5964
9.5964
9.5964
9.5964
9.5964
9.5964
9.5964
9.5964
9.5964
9.5964
9.5964
9.5964
9.5964
9.5964
9.5964
9.5964
9.5964
9.5964
9.5964
9.5964
9.5964
9.5964
9.5964
9.5964
9.5964
9.5964
9.5964
9.5964
9.5964
9.5964
9.5964
9.5964
9.5964
9.5964
9.5964
9.5964
9.5964
9.5964
9.5964
9.5964
9.5964
9.5964
9.5964
9.5964
9.5964
9.5964
9.5964
9.5964
9.5964
9.5964
9.5964
9.5964
9.5964
9.5964
9.5964
9.5964
9.5964
9.5964
9.5964
9.5964
9.5964
9.5964
9.5964
9.5964
9.5964
9.5964
9.5964
9.5964
9.5964
9.5964
9.5964
9.5964
9.5964
9.5964
9.5964
9.5964
9.5964
9.5964
9.5964
9.5964
9.5964
9.5964
9.5964
9.5964
9.5964
9.5964
9.5964
9.5964
9.5964
9.5964
9.5964
9.5964
9.5964
9.5964
9.5964
9.5964
9.5964
9.5964
9.5964
9.5964
9.5964
9.5964
9.5964
9.5964
9.5964
9.5964
9.5964
9.5964
9.5964
9.5964
9.5964
9.5964
9.5964
9.5964
9.5964
9.5964
9.5964
9.5964
9.5964
9.5964
9.5964
9.5964
9.5964
9.5964
9.5964
9.5964
9.5964
9.5964
9.5964
9.5964
9.5964
9.5964
9.5964
9.5964
9.5964
9.5964
9.5964
9.5964
9.5964
9.5964
9.5964
9.5964
9.5964
9.5964
9.5964
9.5964
9.5964
9.5964
9.5964
9.5964
9.5964
9.5964
9.5964
9.5964
9.5964
9.5964
9.5964
9.5964
9.5964
9.5964
9.5964
9.5964
9.5964
9.5964
9.5964
9.5964
9.5964
9.5964
9.5964
9.5964
9.5964
9.5964
9.5964
9.5964
9.5964
9.5964
9.5964
9.5964
9.5964
9.5964
9.5964
9.5964
9.5964
9.5964
9.5964
9.5964
9.5964
9.5964
9.5964
9.5964
9.5964
9.5964
9.5964
9.5964
9.5964
9.5964
9.5964
9.5964
9.5964
9.5964
9.5964
9.5964
9.5964
9.5964
9.5964
9.5964
9.5964
9.5964
9.5964
9.5964
9.5964
9.5964
9.5964
9.5964
9.5964
9.5964
9.5964
9.5964
9.5964
9.5964
9.5964
9.5964
9.5964
9.5964
9.5964
9.5964
9.5964
9.5964
9.5964
9.5964
9.5964
9.5964
9.5964
9.5964
9.5964
9.5964
9.5964
9.5964
9.5964
9.5964
9.5964
9.5964
9.5964
9.5964
9.5964
9.5964
9.5964
9.5964
9.5964
9.5964
9.5964
9.5964
9.5964
9.5964
9.5964
9.5964
9.5964
9.5964
9.5964
9.5964
9.5964
9.5964
9.5964
9.5964
9.5964
9.5964
9.5964
9.5964
9.5964
9.5964
9.5964
9.5964
9.5964
9.5964
9.5964
9.5964
9.5964
9.5964
9.5964
9.5964
9.5964
9.5964
9.5964
9.5964
9.5964
9.5964
9.5964
9.5964
9.5964
9.5964
9.5964
9.5964
9.5964
9.5964
9.5964
9.5964
9.5964
9.5964
9.5964
9.5964
9.5964
9.5964
9.5964
9.5964
9.5964
9.5964
9.5964
9.5964
9.5964
9.5964
9.5964
9.5964
9.5964
9.5964
9.5964
9.5964
9.5964
9.5964
9.5964
9.5964
9.5964
9.5964
9.5964
9.5964
9.5964
9.5964
9.5964
9.5964
9.5964
9.5964
9.5964
9.5964
9.5964
9.5964
9.5964
9.5964
9.5964
9.5964
9.5964
9.5964
9.5964
9.5964
9.5964
9.5964
9.5964
9.5964
9.5964
9.5964
9.5964
9.5964
9.5964
9.5964
9.5964
9.5964
9.5964
9.5964
9.5964
9.5964
9.5964
9.5964
9.5964
9.5964
9.5964
9.5964
9.5964
9.5964
9.5964
9.5964
9.5964
9.5964
9.5964
9.5964
9.5964
9.5964
9.5964
9.5964
9.5964
9.5964
9.5964
9.5964
9.5964
9.5964
9.5964
9.5964
9.5964
9.5964
9.5964
9.5964
9.5964
9.5964
9.5964
9.5964
9.5964
9.5964
9.5964
9.5964
9.5964
9.5964
9.5964
9.5964
9.5964
9.5964
9.5964
9.5964
9.5964
9.5964
9.5964
9.5964
9.5964
9.5964
9.5964
9.5964
9.5964
9.5964
9.5964
9.5964
9.5964
9.5964
9.5964
9.5964
9.5964
9.5964
9.5964
9.5964
9.5964
9.5964
9.5964
9.5964
9.5964
9.5964
9.5964
9.5964
9.5964
9.5964
9.5964
9.5964
9.5964
9.5964
9.5964
9.5964
9.5964
9.5964
9.5964
9.5964
9.5964
9.5964
9.5964
9.5964
9.5964
9.5964
9.5964
9.5964
9.5964
9.5964
9.5964
9.5964
9.5964
9.5964
9.5964
9.5964
9.5964
9.5964
9.5964
9.5964
9.5964
9.5964
9.5964
9.5964
9.5964
9.5964
9.5964
9.5964
9.5964
9.5964
9.5964
9.5964
9.5964
9.5964
9.5964
9.5964
9.5964
9.5964
9.5964
9.5964
9.5964
9.5964
9.5964
9.5964
9.5964
9.5964
9.5964
9.5964
9.5964
9.5964
9.5964
9.5964
9.5964
9.5964
9.5964
9.5964
9.5964
9.5964
9.5964
9.5964
9.5964
9.5964
9.5964
9.5964
9.5964
9.5964
9.5964
9.5964
9.5964
9.5964
9.5964
9.5964
9.5964
9.5964
9.5964
9.5964
9.5964
9.5964
9.5964
9.5964
9.5964
9.5964
9.5964
9.5964
9.5964
9.5964
9.5964
9.5964
9.5964
9.5964
9.5964
9.5964
9.5964
9.5964
9.5964
9.5964
9.5964
9.5964
9.5964
9.5964
9.5964
9.5964
9.5964
9.5964
9.5964
9.5964
9.5964
9.5964
9.5964
9.5964
9.5964
9.5964
9.5964
9.5964
9.5964
9.5964
9.5964
9.5964
9.5964
9.5964
9.5964
9.5964
9.5964
9.5964
9.5964
9.5964
9.5964
9.5964
9.5964
9.5964
9.5964
9.5964
9.5964
9.5964
9.5964
9.5964
9.5964
9.5964
9.5964
9.5964
9.5964
9.5964
9.5964
9.5964
9.5964
9.5964
9.5964
9.5964
9.5964
9.5964
9.5964
9.5964
9.5964
9.5964
9.5964
9.5964
9.5964
9.5964
9.5964
9.5964
9.5964
9.5964
9.5964
9.5964
9.5964
9.5964
9.5964
9.5964
9.5964
9.5964
9.5964
9.5964
9.5964
9.5964
9.5964
9.5964
9.5964
9.5964
9.5964
9.5964
9.5964
9.5964
9.5964
9.5964
9.5964
9.5964
9.5964
9.5964
9.5964
9.5964
9.5964
9.5964
9.5964
9.5964
9.5964
9.5964
9.5964
9.5964
9.5964
9.5964
9.5964
9.5964
9.5964
9.5964
9.5964
9.5964
9.5964
9.5964
9.5964
9.5964
9.5964
9.5964
9.5964
9.5964
9.5964
9.5964
9.5964
9.5964
9.5964
9.5964
9.5964
9.5964
9.5964
9.5964
9.5964
9.5964
9.5964
9.5964
9.5964
9.5964
9.5964
9.5964
9.5964
9.5964
9.5964
9.5964
9.5964
9.5964
9.5964
9.5964
9.5964
9.5964
9.5964
9.5964
9.5964
9.5964
9.5964
9.5964
9.5964
9.5964
9.5964
9.5964
9.5964
9.5964
9.5964
9.5964
9.5964
9.5964
9.5964
9.5964
9.5964
9.5964
9.5964
9.5964
9.5964
9.5964
9.5964
9.5964
9.5964
9.5964
9.5964
9.5964
9.5964
9.5964
9.5964
9.5964
9.5964
9.5964
9.5964
9.5964
9.5964
9.5964
9.5964
9.5964
9.5964
9.5964
9.5964
9.5964
9.5964
9.5964
9.5964
9.5964
9.5964
9.5964
9.5964
9.5964
9.5964
9.5964
9.5964
9.5964
9.5964
9.5964
9.5964
9.5964
9.5964
9.5964
9.5964
9.5964
9.5964
9.5964
9.5964
9.5964
9.5964
9.5964
9.5964
9.5964
9.5964
9.5964
9.5964
9.5964
9.5964
9.5964
9.5964
9.5964
9.5964
9.5964
9.5964
9.5964
9.5964
9.5964
9.5964
9.5964
9.5964
9.5964
9.5964
9.5964
9.5964
9.5964
9.5964
9.5964
9.5964
9.5964
9.5964
9.5964
9.5964
9.5964
9.5964
9.5964
9.5964
9.5964
9.5964
9.5964
9.5964
9.5964
9.5964
9.5964
9.5964
9.5964
9.5964
9.5964
9.5964
9.5964
9.5964
9.5964
9.5964
9.5964
9.5964
9.5964
9.5964
9.5964
9.5964
9.5964
9.5964
9.5964
9.5964
9.5964
9.5964
9.5964
9.5964
9.5964
9.5964
9.5964
9.5964
9.5964
9.5964
9.5964
9.5964
9.5964
9.5964
9.5964
9.5964
9.5964
9.5964
9.5964
9.5964
9.5964
9.5964
9.5964
9.5964
9.5964
9.5964
9.5964
9.5964
9.5964
9.5964
9.5964
9.5964
9.5964
9.5964
9.5964
9.5964
9.5964
9.5964
9.5964
9.5964
9.5964
9.5964
9.5964
9.5964
9.5964
9.5964
9.5964
9.5964
9.5964
9.5964
9.5964
9.5964
9.5964
9.5964
9.5964
9.5964
9.5964
9.5964
9.5964
9.5964
9.5964
9.5964
9.5964
9.5964
9.5964
9.5964
9.5964
9.5964
9.5964
9.5964
9.5964
9.5964
9.5964
9.5964
9.5964
9.5964
9.5964
9.5964
9.5964
9.5964
9.5964
9.5964
9.5964
9.5964
9.5964
9.5964
9.5964
9.5964
9.5964
9.5964
9.5964
9.5964
9.5964
9.5964
9.5964
9.5964
9.5964
9.5964
9.5964
9.5964
9.5964
9.5964
9.5964
9.5964
9.5964
9.5964
9.5964
9.5964
9.5964
9.5964
9.5964
9.5964
9.5964
9.5964
9.5964
9.5964
9.5964
9.5964
9.5964
9.5964
9.5964
9.5964
9.5964
9.5964
9.5964
9.5964
9.5964
9.5964
9.5964
9.5964
9.5964
9.5964
9.5964
9.5964
9.5964
9.5964
9.5964
9.5964
9.5964
9.5964
9.5964
9.5964
9.5964
9.5964
9.5964
9.5964
9.5964
9.5964
9.5964
9.5964
9.5964
9.5964
9.5964
9.5964
9.5964
9.5964
9.5964
9.5964
9.5964
9.5964
9.5964
9.5964
9.5964
9.5964
9.5964
9.5964
9.5964
9.5964
9.5964
9.5964
9.5964
9.5964
9.5964
9.5964
9.5964
9.5964
9.5964
9.5964
9.5964
9.5964
9.5964
9.5964
9.5964
9.5964
9.5964
9.5964
9.5964
9.5964
9.5964
9.5964
9.5964
9.5964
9.5964
9.5964
9.5964
9.5964
9.5964
9.5964
9.5964
9.5964
9.5964
9.5964
9.5964
9.5964
9.5964
9.5964
9.5964
9.5964
9.5964
9.5964
9.5964
9.5964
9.5964
9.5964
9.5964
9.5964
9.5964
9.5964
9.5964
9.5964
9.5964
9.5964
9.5964
9.5964
9.5964
9.5964
9.5964
9.5964
9.5964
9.5964
9.5964
9.5964
9.5964
9.5964
9.5964
9.5964
9.5964
9.5964
9.5964
9.5964
9.5964
9.5964
9.5964
9.5964
9.5964
9.5964
9.5964
9.5964
9.5964
9.5964
9.5964
9.5964
9.5964
9.5964
9.5964
9.5964
9.5964
9.5964
9.5964
9.5964
9.5964
9.5964
9.5964
9.5964
9.5964
9.5964
9.5964
9.5964
9.5964
9.5964
9.5964
9.5964
9.5964
9.5964
9.5964
9.5964
9.5964
9.5964
9.5964
9.5964
9.5964
9.5964
9.5964
9.5964
9.5964
9.5964
9.5964
9.5964
9.5964
9.5964
9.5964
9.5964
9.5964
9.5964
9.5964
9.5964
9.5964
9.5964
9.5964
9.5964
9.5964
9.5964
9.5964
9.5964
9.5964
9.5964
9.5964
9.5964
9.5964
9.5964
9.5964
9.5964
9.5964
9.5964
9.5964
9.5964
9.5964
9.5964
9.5964
9.5964
9.5964
9.5964
9.5964
9.5964
9.5964
9.5964
9.5964
9.5964
9.5964
9.5964
9.5964
9.5964
9.5964
9.5964
9.5964
9.5964
9.5964
9.5964
9.5964
9.5964
9.5964
9.5964
9.5964
9.5964
9.5964
9.5964
9.5964
9.5964
9.5964
9.5964
9.5964
9.5964
9.5964
9.5964
9.5964
9.5964
9.5964
9.5964
9.5964
9.5964
9.5964
9.5964
9.5964
9.5964
9.5964
9.5964
9.5964
9.5964
9.5964
9.5964
9.5964
9.5964
9.5964
9.5964
9.5964
9.5964
9.5964
9.5964
9.5964
9.5964
9.5964
9.5964
9.5964
9.5964
9.5964
9.5964
9.5964
9.5964
9.5964
9.5964
9.5964
9.5964
9.5964
9.5964
9.5964
9.5964
9.5964
9.5964
9.5964
9.5964
9.5964
9.5964
9.5964
9.5964
9.5964
9.5964
9.5964
9.5964
9.5964
9.5964
9.5964
9.5964
9.5964
9.5964
9.5964
9.5964
9.5964
9.5964
9.5964
9.5964
9.5964
9.5964
9.5964
9.5964
9.5964
9.5964
9.5964
9.5964
9.5964
9.5964
9.5964
9.5964
9.5964
9.5964
9.5964
9.5964
9.5964
9.5964
9.5964
9.5964
9.5964
9.5964
9.5964
9.5964
9.5964
9.5964
9.5964
9.5964
9.5964
9.5964
9.5964
9.5964
9.5964
9.5964
9.5964
9.5964
9.5964
9.5964
9.5964
9.5964
9.5964
9.5964
9.5964
9.5964
9.5964
9.5964
9.5964
9.5964
9.5964
9.5964
9.5964
9.5964
9.5964
9.5964
9.5964
9.5964
9.5964
9.5964
9.5964
9.5964
9.5964
9.5964
9.5964
9.5964
9.5964
9.5964
9.5964
9.5964
9.5964
9.5964
9.5964
9.5964
9.5964
9.5964
9.5964
9.5964
9.5964
9.5964
9.5964
9.5964
9.5964
9.5964
9.5964
9.5964
9.5964
9.5964
9.5964
9.5964
9.5964
9.5964
9.5964
9.5964
9.5964
9.5964
9.5964
9.5964
9.5964
9.5964
9.5964
9.5964
9.5964
9.5964
9.5964
9.5964
9.5964
9.5964
9.5964
9.5964
9.5964
9.5964
9.5964
9.5964
9.5964
9.5964
9.5964
9.5964
9.5964
9.5964
9.5964
9.5964
9.5964
9.5964
9.5964
9.5964
9.5964
9.5964
9.5964
9.5964
9.5964
9.5964
9.5964
9.5964
9.5964
9.5964
9.5964
9.5964
9.5964
9.5964
9.5964
9.5964
9.5964
9.5964
9.5964
9.5964
9.5964
9.5964
9.5964
9.5964
9.5964
9.5964
9.5964
9.5964
9.5964
9.5964
9.5964
9.5964
9.5964
9.5964
9.5964
9.5964
9.5964
9.5964
9.5964
9.5964
9.5964
9.5964
9.5964
9.5964
9.5964
9.5964
9.5964
9.5964
9.5964
9.5964
9.5964
9.5964
9.5964
9.5964
9.5964
9.5964
9.5964
9.5964
9.5964
9.5964
9.5964
9.5964
9.5964
9.5964
9.5964
9.5964
9.5964
9.5964
9.5964
9.5964
9.5964
9.5964
9.5964
9.5964
9.5964
9.5964
9.5964
9.5964
9.5964
9.5964
9.5964
9.5964
9.5964
9.5964
9.5964
9.5964
9.5964
9.5964
9.5964
9.5964
9.5964
9.5964
9.5964
9.5964
9.5964
9.5964
9.5964
9.5964
9.5964
9.5964
9.5964
9.5964
9.5964
9.5964
9.5964
9.5964
9.5964
9.5964
9.5964
9.5964
9.5964
9.5964
9.5964
9.5964
9.5964
9.5964
9.5964
9.5964
9.5964
9.5964
9.5964
9.5964
9.5964
9.5964
9.5964
9.5964
9.5964
9.5964
9.5964
9.5964
9.5964
9.5964
9.5964
9.5964
9.5964
9.5964
9.5964
9.5964
9.5964
9.5964
9.5964
9.5964
9.5964
9.5964
9.5964
9.5964
9.5964
9.5964
9.5964
9.5964
9.5964
9.5964
9.5964
9.5964
9.5964
9.5964
9.5964
9.5964
9.5964
9.5964
9.5964
9.5964
9.5964
9.5964
9.5964
9.5964
9.5964
9.5964
9.5964
9.5964
9.5964
9.5964
9.5964
9.5964
9.5964
9.5964
9.5964
9.5964
9.5964
9.5964
9.5964
9.5964
9.5964
9.5964
9.5964
9.5964
9.5964
9.5964
9.5964
9.5964
9.5964
9.5964
9.5964
9.5964
9.5964
9.5964
9.5964
9.5964
9.5964
9.5964
9.5964
9.5964
9.5964
9.5964
9.5964
9.5964
9.5964
9.5964
9.5964
9.5964
9.5964
9.5964
9.5964
9.5964
9.5964
9.5964
9.5964
9.5964
9.5964
9.5964
9.5964
9.5964
9.5964
9.5964
9.5964
9.5964
9.5964
9.5964
9.5964
9.5964
9.5964
9.5964
9.5964
9.5964
9.5964
9.5964
9.5964
9.5964
9.5964
9.5964
9.5964
9.5964
9.5964
9.5964
9.5964
9.5964
9.5964
9.5964
9.5964
9.5964
9.5964
9.5964
9.5964
9.5964
9.5964
9.5964
9.5964
9.5964
9.5964
9.5964
9.5964
9.5964
9.5964
9.5964
9.5964
9.5964
9.5964
9.5964
9.5964
9.5964
9.5964
9.5964
9.5964
9.5964
9.5964
9.5964
9.5964
9.5964
9.5964
9.5964
9.5964
9.5964
9.5964
9.5964
9.5964
9.5964
9.5964
9.5964
9.5964
9.5964
9.5964
9.5964
9.5964
9.5964
9.5964
9.5964
9.5964
9.5964
9.5964
9.5964
9.5964
9.5964
9.5964
9.5964
9.5964
9.5964
9.5964
9.5964
9.5964
9.5964
9.5964
9.5964
9.5964
9.5964
9.5964
9.5964
9.5964
9.5964
9.5964
9.5964
9.5964
9.5964
9.5964
9.5964
9.5964
9.5964
9.5964
9.5964
9.5964
9.5964
9.5964
9.5964
9.5964
9.5964
9.5964
9.5964
9.5964
9.5964
9.5964
9.5964
9.5964
9.5964
9.5964
9.5964
9.5964
9.5964
9.5964
9.5964
9.5964
9.5964
9.5964
9.5964
9.5964
9.5964
9.5964
9.5964
9.5964
9.5964
9.5964
9.5964
9.5964
9.5964
9.5964
9.5964
9.5964
9.5964
9.5964
9.5964
9.5964
9.5964
9.5964
9.5964
9.5964
9.5964
9.5964
9.5964
9.5964
9.5964
9.5964
9.5964
9.5964
9.5964
9.5964
9.5964
9.5964
9.5964
9.5964
9.5964
9.5964
9.5964
9.5964
9.5964
9.5964
9.5964
9.5964
9.5964
9.5964
9.5964
9.5964
9.5964
9.5964
9.5964
9.5964
9.5964
9.5964
9.5964
9.5964
9.5964
9.5964
9.5964
9.5964
9.5964
9.5964
9.5964
9.5964
9.5964
9.5964
9.5964
9.5964
9.5964
9.5964
9.5964
9.5964
9.5964
9.5964
9.5964
9.5964
9.5964
9.5964
9.5964
9.5964
9.5964
9.5964
9.5964
9.5964
9.5964
9.5964
9.5964
9.5964
9.5964
9.5964
9.5964
9.5964
9.5964
9.5964
9.5964
9.5964
9.5964
9.5964
9.5964
9.5964
9.5964
9.5964
9.5964
9.5964
9.5964
9.5964
9.5964
9.5964
9.5964
9.5964
9.5964
9.5964
9.5964
9.5964
9.5964
9.5964
9.5964
9.5964
9.5964
9.5964
9.5964
9.5964
9.5964
9.5964
9.5964
9.5964
9.5964
9.5964
9.5964
9.5964
9.5964
9.5964
9.5964
9.5964
9.5964
9.5964
9.5964
9.5964
9.5964
9.5964
9.5964
9.5964
9.5964
9.5964
9.5964
9.5964
9.5964
9.5964
9.5964
9.5964
9.5964
9.5964
9.5964
9.5964
9.5964
9.5964
9.5964
9.5964
9.5964
9.5964
9.5964
9.5964
9.5964
9.5964
9.5964
9.5964
9.5964
9.5964
9.5964
9.5964
9.5964
9.5964
9.5964
9.5964
9.5964
9.5964
9.5964
9.5964
9.5964
9.5964
9.5964
9.5964
9.5964
9.5964
9.5964
9.5964
9.5964
9.5964
9.5964
9.5964
9.5964
9.5964
9.5964
9.5964
9.5964
9.5964
9.5964
9.5964
9.5964
9.5964
9.5964
9.5964
9.5964
9.5964
9.5964
9.5964
9.5964
9.5964
9.5964
9.5964
9.5964
9.5964
9.5964
9.5964
9.5964
9.5964
9.5964
9.5964
9.5964
9.5964
9.5964
9.5964
9.5964
9.5964
9.5964
9.5964
9.5964
9.5964
9.5964
9.5964
9.5964
9.5964
9.5964
9.5964
9.5964
9.5964
9.5964
9.5964
9.5964
9.5964
9.5964
9.5964
9.5964
9.5964
9.5964
9.5964
9.5964
9.5964
9.5964
9.5964
9.5964
9.5964
9.5964
9.5964
9.5964
9.5964
9.5964
9.5964
9.5964
9.5964
9.5964
9.5964
9.5964
9.5964
9.5964
9.5964
9.5964
9.5964
9.5964
9.5964
9.5964
9.5964
9.5964
9.5964
9.5964
9.5964
9.5964
9.5964
9.5964
9.5964
9.5964
9.5964
9.5964
9.5964
9.5964
9.5964
9.5964
9.5964
9.5964
9.5964
9.5964
9.5964
9.5964
9.5964
9.5964
9.5964
9.5964
9.5964
9.5964
9.5964
9.5964
9.5964
9.5964
9.5964
9.5964
9.5964
9.5964
9.5964
9.5964
9.5964
9.5964
9.5964
9.5964
9.5964
9.5964
9.5964
9.5964
9.5964
9.5964
9.5964
9.5964
9.5964
9.5964
9.5964
9.5964
9.5964
9.5964
9.5964
9.5964
9.5964
9.5964
9.5964
9.5964
9.5964
9.5964
9.5964
9.5964
9.5964
9.5964
9.5964
9.5964
9.5964
9.5964
9.5964
9.5964
9.5964
9.5964
9.5964
9.5964
9.5964
9.5964
9.5964
9.5964
9.5964
9.5964
9.5964
9.5964
9.5964
9.5964
9.5964
9.5964
9.5964
9.5964
9.5964
9.5964
9.5964
9.5964
9.5964
9.5964
9.5964
9.5964
9.5964
9.5964
9.5964
9.5964
9.5964
9.5964
9.5964
9.5964
9.5964
9.5964
9.5964
9.5964
9.5964
9.5964
9.5964
9.5964
9.5964
9.5964
9.5964
9.5964
9.5964
9.5964
9.5964
9.5964
9.5964
9.5964
9.5964
9.5964
9.5964
9.5964
9.5964
9.5964
9.5964
9.5964
9.5964
9.5964
9.5964
9.5964
9.5964
9.5964
9.5964
9.5964
9.5964
9.5964
9.5964
9.5964
9.5964
9.5964
9.5964
9.5964
9.5964
9.5964
9.5964
9.5964
9.5964
9.5964
9.5964
9.5964
9.5964
9.5964
9.5964
9.5964
9.5964
9.5964
9.5964
9.5964
9.5964
9.5964
9.5964
9.5964
9.5964
9.5964
9.5964
9.5964
9.5964
9.5964
9.5964
9.5964
9.5964
9.5964
9.5964
9.5964
9.5964
9.5964
9.5964
9.5964
9.5964
9.5964
9.5964
9.5964
9.5964
9.5964
9.5964
9.5964
9.5964
9.5964
9.5964
9.5964
9.5964
9.5964
9.5964
9.5964
9.5964
9.5964
9.5964
9.5964
9.5964
9.5964
9.5964
9.5964
9.5964
9.5964
9.5964
9.5964
9.5964
9.5964
9.5964
9.5964
9.5964
9.5964
9.5964
9.5964
9.5964
9.5964
9.5964
9.5964
9.5964
9.5964
9.5964
9.5964
9.5964
9.5964
9.5964
9.5964
9.5964
9.5964
9.5964
9.5964
9.5964
9.5964
9.5964
9.5964
9.5964
9.5964
9.5964
9.5964
9.5964
9.5964
9.5964
9.5964
9.5964
9.5964
9.5964
9.5964
9.5964
9.5964
9.5964
9.5964
9.5964
9.5964
9.5964
9.5964
9.5964
9.5964
9.5964
9.5964
9.5964
9.5964
9.5964
9.5964
9.5964
9.5964
9.5964
9.5964
9.5964
9.5964
9.5964
9.5964
9.5964
9.5964
9.5964
9.5964
9.5964
9.5964
9.5964
9.5964
9.5964
9.5964
9.5964
9.5964
9.5964
9.5964
9.5964
9.5964
9.5964
9.5964
9.5964
9.5964
9.5964
9.5964
9.5964
9.5964
9.5964
9.5964
9.5964
9.5964
9.5964
9.5964
9.5964
9.5964
9.5964
9.5964
9.5964
9.5964
9.5964
9.5964
9.5964
9.5964
9.5964
9.5964
9.5964
9.5964
9.5964
9.5964
9.5964
9.5964
9.5964
9.5964
9.5964
9.5964
9.5964
9.5964
9.5964
9.5964
9.5964
9.5964
9.5964
9.5964
9.5964
9.5964
9.5964
9.5964
9.5964
9.5964
9.5964
9.5964
9.5964
9.5964
9.5964
9.5964
9.5964
9.5964
9.5964
9.5964
9.5964
9.5964
9.5964
9.5964
9.5964
9.5964
9.5964
9.5964
9.5964
9.5964
9.5964
9.5964
9.5964
9.5964
9.5964
9.5964
9.5964
9.5964
9.5964
9.5964
9.5964
9.5964
9.5964
9.5964
9.5964
9.5964
9.5964
9.5964
9.5964
9.5964
9.5964
9.5964
9.5964
9.5964
9.5964
9.5964
9.5964
9.5964
9.5964
9.5964
9.5964
9.5964
9.5964
9.5964
9.5964
9.5964
9.5964
9.5964
9.5964
9.5964
9.5964
9.5964
9.5964
9.5964
9.5964
9.5964
9.5964
9.5964
9.5964
9.5964
9.5964
9.5964
9.5964
9.5964
9.5964
9.5964
9.5964
9.5964
9.5964
9.5964
9.5964
9.5964
9.5964
9.5964
9.5964
9.5964
9.5964
9.5964
9.5964
9.5964
9.5964
9.5964
9.5964
9.5964
9.5964
9.5964
9.5964
9.5964
9.5964
9.5964
9.5964
9.5964
9.5964
9.5964
9.5964
9.5964
9.5964
9.5964
9.5964
9.5964
9.5964
9.5964
9.5964
9.5964
9.5964
9.5964
9.5964
9.5964
9.5964
9.5964
9.5964
9.5964
9.5964
9.5964
9.5964
9.5964
9.5964
9.5964
9.5964
9.5964
9.5964
9.5964
9.5964
9.5964
9.5964
9.5964
9.5964
9.5964
9.5964
9.5964
9.5964
9.5964
9.5964
9.5964
9.5964
9.5964
9.5964
9.5964
9.5964
9.5964
9.5964
9.5964
9.5964
9.5964
9.5964
9.5964
9.5964
9.5964
9.5964
9.5964
9.5964
9.5964
9.5964
9.5964
9.5964
9.5964
9.5964
9.5964
9.5964
9.5964
9.5964
9.5964
9.5964
9.5964
9.5964
9.5964
9.5964
9.5964
9.5964
9.5964
9.5964
9.5964
9.5964
9.5964
9.5964
9.5964
9.5964
9.5964
9.5964
9.5964
9.5964
9.5964
9.5964
9.5964
9.5964
9.5964
9.5964
9.5964
9.5964
9.5964
9.5964
9.5964
9.5964
9.5964
9.5964
9.5964
9.5964
9.5964
9.5964
9.5964
9.5964
9.5964
9.5964
9.5964
9.5964
9.5964
9.5964
9.5964
9.5964
9.5964
9.5964
9.5964
9.5964
9.5964
9.5964
9.5964
9.5964
9.5964
9.5964
9.5964
9.5964
9.5964
9.5964
9.5964
9.5964
9.5964
9.5964
9.5964
9.5964
9.5964
9.5964
9.5964
9.5964
9.5964
9.5964
9.5964
9.5964
9.5964
9.5964
9.5964
9.5964
9.5964
9.5964
9.5964
9.5964
9.5964
9.5964
9.5964
9.5964
9.5964
9.5964
9.5964
9.5964
9.5964
9.5964
9.5964
9.5964
9.5964
9.5964
9.5964
9.5964
9.5964
9.5964
9.5964
9.5964
9.5964
9.5964
9.5964
9.5964
9.5964
9.5964
9.5964
9.5964
9.5964
9.5964
9.5964
9.5964
9.5964
9.5964
9.5964
9.5964
9.5964
9.5964
9.5964
9.5964
9.5964
9.5964
9.5964
9.5964
9.5964
9.5964
9.5964
9.5964
9.5964
9.5964
9.5964
9.5964
9.5964
9.5964
9.5964
9.5964
9.5964
9.5964
9.5964
9.5964
9.5964
9.5964
9.5964
9.5964
9.5964
9.5964
9.5964
9.5964
9.5964
9.5964
9.5964
9.5964
9.5964
9.5964
9.5964
9.5964
9.5964
9.5964
9.5964
9.5964
9.5964
9.5964
9.5964
9.5964
9.5964
9.5964
9.5964
9.5964
9.5964
9.5964
9.5964
9.5964
9.5964
9.5964
9.5964
9.5964
9.5964
9.5964
9.5964
9.5964
9.5964
9.5964
9.5964
9.5964
9.5964
9.5964
9.5964
9.5964
9.5964
9.5964
9.5964
9.5964
9.5964
9.5964
9.5964
9.5964
9.5964
9.5964
9.5964
9.5964
9.5964
9.5964
9.5964
9.5964
9.5964
9.5964
9.5964
9.5964
9.5964
9.5964
9.5964
9.5964
9.5964
9.5964
9.5964
9.5964
9.5964
9.5964
9.5964
9.5964
9.5964
9.5964
9.5964
9.5964
9.5964
9.5964
9.5964
9.5964
9.5964
9.5964
9.5964
9.5964
9.5964
9.5964
9.5964
9.5964
9.5964
9.5964
9.5964
9.5964
9.5964
9.5964
9.5964
9.5964
9.5964
9.5964
9.5964
9.5964
9.5964
9.5964
9.5964
9.5964
9.5964
9.5964
9.5964
9.5964
9.5964
9.5964
9.5964
9.5964
9.5964
9.5964
9.5964
9.5964
9.5964
9.5964
9.5964
9.5964
9.5964
9.5964
9.5964
9.5964
9.5964
9.5964
9.5964
9.5964
9.5964
9.5964
9.5964
9.5964
9.5964
9.5964
9.5964
9.5964
9.5964
9.5964
9.5964
9.5964
9.5964
9.5964
9.5964
9.5964
9.5964
9.5964
9.5964
9.5964
9.5964
9.5964
9.5964
9.5964
9.5964
9.5964
9.5964
9.5964
9.5964
9.5964
9.5964
9.5964
9.5964
9.5964
9.5964
9.5964
9.5964
9.5964
9.5964
9.5964
9.5964
9.5964
9.5964
9.5964
9.5964
9.5964
9.5964
9.5964
9.5964
9.5964
9.5964
9.5964
9.5964
9.5964
9.5964
9.5964
9.5964
9.5964
9.5964
9.5964
9.5964
9.5964
9.5964
9.5964
9.5964
9.5964
9.5964
9.5964
9.5964
9.5964
9.5964
9.5964
9.5964
9.5964
9.5964
9.5964
9.5964
9.5964
9.5964
9.5964
9.5964
9.5964
9.5964
9.5964
9.5964
9.5964
9.5964
9.5964
9.5964
9.5964
9.5964
9.5964
9.5964
9.5964
9.5964
9.5964
9.5964
9.5964
9.5964
9.5964
9.5964
9.5964
9.5964
9.5964
9.5964
9.5964
9.5964
9.5964
9.5964
9.5964
9.5964
9.5964
9.5964
9.5964
9.5964
9.5964
9.5964
9.5964
9.5964
9.5964
9.5964
9.5964
9.5964
9.5964
9.5964
9.5964
9.5964
9.5964
9.5964
9.5964
9.5964
9.5964
9.5964
9.5964
9.5964
9.5964
9.5964
9.5964
9.5964
9.5964
9.5964
9.5964
9.5964
9.5964
9.5964
9.5964
9.5964
9.5964
9.5964
9.5964
9.5964
9.5964
9.5964
9.5964
9.5964
9.5964
9.5964
9.5964
9.5964
9.5964
9.5964
9.5964
9.5964
9.5964
9.5964
9.5964
9.5964
9.5964
9.5964
9.5964
9.5964
9.5964
9.5964
9.5964
9.5964
9.5964
9.5964
9.5964
9.5964
9.5964
9.5964
9.5964
9.5964
9.5964
9.5964
9.5964
9.5964
9.5964
9.5964
9.5964
9.5964
9.5964
9.5964
9.5964
9.5964
9.5964
9.5964
9.5964
9.5964
9.5964
9.5964
9.5964
9.5964
9.5964
9.5964
9.5964
9.5964
9.5964
9.5964
9.5964
9.5964
9.5964
9.5964
9.5964
9.5964
9.5964
9.5964
9.5964
9.5964
9.5964
9.5964
9.5964
9.5964
9.5964
9.5964
9.5964
9.5964
9.5964
9.5964
9.5964
9.5964
9.5964
9.5964
9.5964
9.5964
9.5964
9.5964
9.5964
9.5964
9.5964
9.5964
9.5964
9.5964
9.5964
9.5964
9.5964
9.5964
9.5964
9.5964
9.5964
9.5964
9.5964
9.5964
9.5964
9.5964
9.5964
9.5964
9.5964
9.5964
9.5964
9.5964
9.5964
9.5964
9.5964
9.5964
9.5964
9.5964
9.5964
9.5964
9.5964
9.5964
9.5964
9.5964
9.5964
9.5964
9.5964
9.5964
9.5964
9.5964
9.5964
9.5964
9.5964
9.5964
9.5964
9.5964
9.5964
9.5964
9.5964
9.5964
9.5964
9.5964
9.5964
9.5964
9.5964
9.5964
9.5964
9.5964
9.5964
9.5964
9.5964
9.5964
9.5964
9.5964
9.5964
9.5964
9.5964
9.5964
9.5964
9.5964
9.5964
9.5964
9.5964
9.5964
9.5964
9.5964
9.5964
9.5964
9.5964
9.5964
9.5964
9.5964
9.5964
9.5964
9.5964
9.5964
9.5964
9.5964
9.5964
9.5964
9.5964
9.5964
9.5964
9.5964
9.5964
9.5964
9.5964
9.5964
9.5964
9.5964
9.5964
9.5964
9.5964
9.5964
9.5964
9.5964
9.5964
9.5964
9.5964
9.5964
9.5964
9.5964
9.5964
9.5964
9.5964
9.5964
9.5964
9.5964
9.5964
9.5964
9.5964
9.5964
9.5964
9.5964
9.5964
9.5964
9.5964
9.5964
9.5964
9.5964
9.5964
9.5964
9.5964
9.5964
9.5964
9.5964
9.5964
9.5964
9.5964
9.5964
9.5964
9.5964
9.5964
9.5964
9.5964
9.5964
9.5964
9.5964
9.5964
9.5964
9.5964
9.5964
9.5964
9.5964
9.5964
9.5964
9.5964
9.5964
9.5964
9.5964
9.5964
9.5964
9.5964
9.5964
9.5964
9.5964
9.5964
9.5964
9.5964
9.5964
9.5964
9.5964
9.5964
9.5964
9.5964
9.5964
9.5964
9.5964
9.5964
9.5964
9.5964
9.5964
9.5964
9.5964
9.5964
9.5964
9.5964
9.5964
9.5964
9.5964
9.5964
9.5964
9.5964
9.5964
9.5964
9.5964
9.5964
9.5964
9.5964
9.5964
9.5964
9.5964
9.5964
9.5964
9.5964
9.5964
9.5964
9.5964
9.5964
9.5964
9.5964
9.5964
9.5964
9.5964
9.5964
9.5964
9.5964
9.5964
9.5964
9.5964
9.5964
9.5964
9.5964
9.5964
9.5964
9.5964
9.5964
9.5964
9.5964
9.5964
9.5964
9.5964
9.5964
9.5964
9.5964
9.5964
9.5964
9.5964
9.5964
9.5964
9.5964
9.5964
9.5964
9.5964
9.5964
9.5964
9.5964
9.5964
9.5964
9.5964
9.5964
9.5964
9.5964
9.5964
9.5964
9.5964
9.5964
9.5964
9.5964
9.5964
9.5964
9.5964
9.5964
9.5964
9.5964
9.5964
9.5964
9.5964
9.5964
9.5964
9.5964
9.5964
9.5964
9.5964
9.5964
9.5964
9.5964
9.5964
9.5964
9.5964
9.5964
9.5964
9.5964
9.5964
9.5964
9.5964
9.5964
9.5964
9.5964
9.5964
9.5964
9.5964
9.5964
9.5964
9.5964
9.5964
9.5964
9.5964
9.5964
9.5964
9.5964
9.5964
9.5964
9.5964
9.5964
9.5964
9.5964
9.5964
9.5964
9.5964
9.5964
9.5964
9.5964
9.5964
9.5964
9.5964
9.5964
9.5964
9.5964
9.5964
9.5964
9.5964
9.5964
9.5964
9.5964
9.5964
9.5964
9.5964
9.5964
9.5964
9.5964
9.5964
9.5964
9.5964
9.5964
9.5964
9.5964
9.5964
9.5964
9.5964
9.5964
9.5964
9.5964
9.5964
9.5964
9.5964
9.5964
9.5964
9.5964
9.5964
9.5964
9.5964
9.5964
9.5964
9.5964
9.5964
9.5964
9.5964
9.5964
9.5964
9.5964
9.5964
9.5964
9.5964
9.5964
9.5964
9.5964
9.5964
9.5964
9.5964
9.5964
9.5964
9.5964
9.5964
9.5964
9.5964
9.5964
9.5964
9.5964
9.5964
9.5964
9.5964
9.5964
9.5964
9.5964
9.5964
9.5964
9.5964
9.5964
9.5964
9.5964
9.5964
9.5964
9.5964
9.5964
9.5964
9.5964
9.5964
9.5964
9.5964
9.5964
9.5964
9.5964
9.5964
9.5964
9.5964
9.5964
9.5964
9.5964
9.5964
9.5964
9.5964
9.5964
9.5964
9.5964
9.5964
9.5964
9.5964
9.5964
9.5964
9.5964
9.5964
9.5964
9.5964
9.5964
9.5964
9.5964
9.5964
9.5964
9.5964
9.5964
9.5964
9.5964
9.5964
9.5964
9.5964
9.5964
9.5964
9.5964
9.5964
9.5964
9.5964
9.5964
9.5964
9.5964
9.5964
9.5964
9.5964
9.5964
9.5964
9.5964
9.5964
9.5964
9.5964
9.5964
9.5964
9.5964
9.5964
9.5964
9.5964
9.5964
9.5964
9.5964
9.5964
9.5964
9.5964
9.5964
9.5964
9.5964
9.5964
9.5964
9.5964
9.5964
9.5964
9.5964
9.5964
9.5964
9.5964
9.5964
9.5964
9.5964
9.5964
9.5964
9.5964
9.5964
9.5964
9.5964
9.5964
9.5964
9.5964
9.5964
9.5964
9.5964
9.5964
9.5964
9.5964
9.5964
9.5964
9.5964
9.5964
9.5964
9.5964
9.5964
9.5964
9.5964
9.5964
9.5964
9.5964
9.5964
9.5964
9.5964
9.5964
9.5964
9.5964
9.5964
9.5964
9.5964
9.5964
9.5964
9.5964
9.5964
9.5964
9.5964
9.5964
9.5964
9.5964
9.5964
9.5964
9.5964
9.5964
9.5964
9.5964
9.5964
9.5964
9.5964
9.5964
9.5964
9.5964
9.5964
9.5964
9.5964
9.5964
9.5964
9.5964
9.5964
9.5964
9.5964
9.5964
9.5964
9.5964
9.5964
9.5964
9.5964
9.5964
9.5964
9.5964
9.5964
9.5964
9.5964
9.5964
9.5964
9.5964
9.5964
9.5964
9.5964
9.5964
9.5964
9.5964
9.5964
9.5964
9.5964
9.5964
9.5964
9.5964
9.5964
9.5964
9.5964
9.5964
9.5964
9.5964
9.5964
9.5964
9.5964
9.5964
9.5964
9.5964
9.5964
9.5964
9.5964
9.5964
9.5964
9.5964
9.5964
9.5964
9.5964
9.5964
9.5964
9.5964
9.5964
9.5964
9.5964
9.5964
9.5964
9.5964
9.5964
9.5964
9.5964
9.5964
9.5964
9.5964
9.5964
9.5964
9.5964
9.5964
9.5964
9.5964
9.5964
9.5964
9.5964
9.5964
9.5964
9.5964
9.5964
9.5964
9.5964
9.5964
9.5964
9.5964
9.5964
9.5964
9.5964
9.5964
9.5964
9.5964
9.5964
9.5964
9.5964
9.5964
9.5964
9.5964
9.5964
9.5964
9.5964
9.5964
9.5964
9.5964
9.5964
9.5964
9.5964
9.5964
9.5964
9.5964
9.5964
9.5964
9.5964
9.5964
9.5964
9.5964
9.5964
9.5964
9.5964
9.5964
9.5964
9.5964
9.5964
9.5964
9.5964
9.5964
9.5964
9.5964
9.5964
9.5964
9.5964
9.5964
9.5964
9.5964
9.5964
9.5964
9.5964
9.5964
9.5964
9.5964
9.5964
9.5964
9.5964
9.5964
9.5964
9.5964
9.5964
9.5964
9.5964
9.5964
9.5964
9.5964
9.5964
9.5964
9.5964
9.5964
9.5964
9.5964
9.5964
9.5964
9.5964
9.5964
9.5964
9.5964
9.5964
9.5964
9.5964
9.5964
9.5964
9.5964
9.5964
9.5964
9.5964
9.5964
9.5964
9.5964
9.5964
9.5964
9.5964
9.5964
9.5964
9.5964
9.5964
9.5964
9.5964
9.5964
9.5964
9.5964
9.5964
9.5964
9.5964
9.5964
9.5964
9.5964
9.5964
9.5964
9.5964
9.5964
9.5964
9.5964
9.5964
9.5964
9.5964
9.5964
9.5964
9.5964
9.5964
9.5964
9.5964
9.5964
9.5964
9.5964
9.5964
9.5964
9.5964
9.5964
9.5964
9.5964
9.5964
9.5964
9.5964
9.5964
9.5964
9.5964
9.5964
9.5964
9.5964
9.5964
9.5964
9.5964
9.5964
9.5964
9.5964
9.5964
9.5964
9.5964
9.5964
9.5964
9.5964
9.5964
9.5964
9.5964
9.5964
9.5964
9.5964
9.5964
9.5964
9.5964
9.5964
9.5964
9.5964
9.5964
9.5964
9.5964
9.5964
9.5964
9.5964
9.5964
9.5964
9.5964
9.5964
9.5964
9.5964
9.5964
9.5964
9.5964
9.5964
9.5964
9.5964
9.5964
9.5964
9.5964
9.5964
9.5964
9.5964
9.5964
9.5964
9.5964
9.5964
9.5964
9.5964
9.5964
9.5964
9.5964
9.5964
9.5964
9.5964
9.5964
9.5964
9.5964
9.5964
9.5964
9.5964
9.5964
9.5964
9.5964
9.5964
9.5964
9.5964
9.5964
9.5964
9.5964
9.5964
9.5964
9.5964
9.5964
9.5964
9.5964
9.5964
9.5964
9.5964
9.5964
9.5964
9.5964
9.5964
9.5964
9.5964
9.5964
9.5964
9.5964
9.5964
9.5964
9.5964
9.5964
9.5964
9.5964
9.5964
9.5964
9.5964
9.5964
9.5964
9.5964
9.5964
9.5964
9.5964
9.5964
9.5964
9.5964
9.5964
9.5964
9.5964
9.5964
9.5964
9.5964
9.5964
9.5964
9.5964
9.5964
9.5964
9.5964
9.5964
9.5964
9.5964
9.5964
9.5964
9.5964
9.5964
9.5964
9.5964
9.5964
9.5964
9.5964
9.5964
9.5964
9.5964
9.5964
9.5964
9.5964
9.5964
9.5964
9.5964
9.5964
9.5964
9.5964
9.5964
9.5964
9.5964
9.5964
9.5964
9.5964
9.5964
9.5964
9.5964
9.5964
9.5964
9.5964
9.5964
9.5964
9.5964
9.5964
9.5964
9.5964
9.5964
9.5964
9.5964
9.5964
9.5964
9.5964
9.5964
9.5964
9.5964
9.5964
9.5964
9.5964
9.5964
9.5964
9.5964
9.5964
9.5964
9.5964
9.5964
9.5964
9.5964
9.5964
9.5964
9.5964
9.5964
9.5964
9.5964
9.5964
9.5964
9.5964
9.5964
9.5964
9.5964
9.5964
9.5964
9.5964
9.5964
9.5964
9.5964
9.5964
9.5964
9.5964
9.5964
9.5964
9.5964
9.5964
9.5964
9.5964
9.5964
9.5964
9.5964
9.5964
9.5964
9.5964
9.5964
9.5964
9.5964
9.5964
9.5964
9.5964
9.5964
9.5964
9.5964
9.5964
9.5964
9.5964
9.5964
9.5964
9.5964
9.5964
9.5964
9.5964
9.5964
9.5964
9.5964
9.5964
9.5964
9.5964
9.5964
9.5964
9.5964
9.5964
9.5964
9.5964
9.5964
9.5964
9.5964
9.5964
9.5964
9.5964
9.5964
9.5964
9.5964
9.5964
9.5964
9.5964
9.5964
9.5964
9.5964
9.5964
9.5964
9.5964
9.5964
9.5964
9.5964
9.5964
9.5964
9.5964
9.5964
9.5964
9.5964
9.5964
9.5964
9.5964
9.5964
9.5964
9.5964
9.5964
9.5964
9.5964
9.5964
9.5964
9.5964
9.5964
9.5964
9.5964
9.5964
9.5964
9.5964
9.5964
9.5964
9.5964
9.5964
9.5964
9.5964
9.5964
9.5964
9.5964
9.5964
9.5964
9.5964
9.5964
9.5964
9.5964
9.5964
9.5964
9.5964
9.5964
9.5964
9.5964
9.5964
9.5964
9.5964
9.5964
9.5964
9.5964
9.5964
9.5964
9.5964
9.5964
9.5964
9.5964
9.5964
9.5964
9.5964
9.5964
9.5964
9.5964
9.5964
9.5964
9.5964
9.5964
9.5964
9.5964
9.5964
9.5964
9.5964
9.5964
9.5964
9.5964
9.5964
9.5964
9.5964
9.5964
9.5964
9.5964
9.5964
9.5964
9.5964
9.5964
9.5964
9.5964
9.5964
9.5964
9.5964
9.5964
9.5964
9.5964
9.5964
9.5964
9.5964
9.5964
9.5964
9.5964
9.5964
9.5964
9.5964
9.5964
9.5964
9.5964
9.5964
9.5964
9.5964
9.5964
9.5964
9.5964
9.5964
9.5964
9.5964
9.5964
9.5964
9.5964
9.5964
9.5964
9.5964
9.5964
9.5964
9.5964
9.5964
9.5964
9.5964
9.5964
9.5964
9.5964
9.5964
9.5964
9.5964
9.5964
9.5964
9.5964
9.5964
9.5964
9.5964
9.5964
9.5964
9.5964
9.5964
9.5964
9.5964
9.5964
9.5964
9.5964
9.5964
9.5964
9.5964
9.5964
9.5964
9.5964
9.5964
9.5964
9.5964
9.5964
9.5964
9.5964
9.5964
9.5964
9.5964
9.5964
9.5964
9.5964
9.5964
9.5964
9.5964
9.5964
9.5964
9.5964
9.5964
9.5964
9.5964
9.5964
9.5964
9.5964
9.5964
9.5964
9.5964
9.5964
9.5964
9.5964
9.5964
9.5964
9.5964
9.5964
9.5964
9.5964
9.5964
9.5964
9.5964
9.5964
9.5964
9.5964
9.5964
9.5964
9.5964
9.5964
9.5964
9.5964
9.5964
9.5964
9.5964
9.5964
9.5964
9.5964
9.5964
9.5964
9.5964
9.5964
9.5964
9.5964
9.5964
9.5964
9.5964
9.5964
9.5964
9.5964
9.5964
9.5964
9.5964
9.5964
9.5964
9.5964
9.5964
9.5964
9.5964
9.5964
9.5964
9.5964
9.5964
9.5964
9.5964
9.5964
9.5964
9.5964
9.5964
9.5964
9.5964
9.5964
9.5964
9.5964
9.5964
9.5964
9.5964
9.5964
9.5964
9.5964
9.5964
9.5964
9.5964
9.5964
9.5964
9.5964
9.5964
9.5964
9.5964
9.5964
9.5964
9.5964
9.5964
9.5964
9.5964
9.5964
9.5964
9.5964
9.5964
9.5964
9.5964
9.5964
9.5964
9.5964
9.5964
9.5964
9.5964
9.5964
9.5964
9.5964
9.5964
9.5964
9.5964
9.5964
9.5964
9.5964
9.5964
9.5964
9.5964
9.5964
9.5964
9.5964
9.5964
9.5964
9.5964
9.5964
9.5964
9.5964
9.5964
9.5964
9.5964
9.5964
9.5964
9.5964
9.5964
9.5964
9.5964
9.5964
9.5964
9.5964
9.5964
9.5964
9.5964
9.5964
9.5964
9.5964
9.5964
9.5964
9.5964
9.5964
9.5964
9.5964
9.5964
9.5964
9.5964
9.5964
9.5964
9.5964
9.5964
9.5964
9.5964
9.5964
9.5964
9.5964
9.5964
9.5964
9.5964
9.5964
9.5964
9.5964
9.5964
9.5964
9.5964
9.5964
9.5964
9.5964
9.5964
9.5964
9.5964
9.5964
9.5964
9.5964
9.5964
9.5964
9.5964
9.5964
9.5964
9.5964
9.5964
9.5964
9.5964
9.5964
9.5964
9.5964
9.5964
9.5964
9.5964
9.5964
9.5964
9.5964
9.5964
9.5964
9.5964
9.5964
9.5964
9.5964
9.5964
9.5964
9.5964
9.5964
9.5964
9.5964
9.5964
9.5964
9.5964
9.5964
9.5964
9.5964
9.5964
9.5964
9.5964
9.5964
9.5964
9.5964
9.5964
9.5964
9.5964
9.5964
9.5964
9.5964
9.5964
9.5964
9.5964
9.5964
9.5964
9.5964
9.5964
9.5964
9.5964
9.5964
9.5964
9.5964
9.5964
9.5964
9.5964
9.5964
9.5964
9.5964
9.5964
9.5964
9.5964
9.5964
9.5964
9.5964
9.5964
9.5964
9.5964
9.5964
9.5964
9.5964
9.5964
9.5964
9.5964
9.5964
9.5964
9.5964
9.5964
9.5964
9.5964
9.5964
9.5964
9.5964
9.5964
9.5964
9.5964
9.5964
9.5964
9.5964
9.5964
9.5964
9.5964
9.5964
9.5964
9.5964
9.5964
9.5964
9.5964
9.5964
9.5964
9.5964
9.5964
9.5964
9.5964
9.5964
9.5964
9.5964
9.5964
9.5964
9.5964
9.5964
9.5964
9.5964
9.5964
9.5964
9.5964
9.5964
9.5964
9.5964
9.5964
9.5964
9.5964
9.5964
9.5964
9.5964
9.5964
9.5964
9.5964
9.5964
9.5964
9.5964
9.5964
9.5964
9.5964
9.5964
9.5964
9.5964
9.5964
9.5964
9.5964
9.5964
9.5964
9.5964
9.5964
9.5964
9.5964
9.5964
9.5964
9.5964
9.5964
9.5964
9.5964
9.5964
9.5964
9.5964
9.5964
9.5964
9.5964
9.5964
9.5964
9.5964
9.5964
9.5964
9.5964
9.5964
9.5964
9.5964
9.5964
9.5964
9.5964
9.5964
9.5964
9.5964
9.5964
9.5964
9.5964
9.5964
9.5964
9.5964
9.5964
9.5964
9.5964
9.5964
9.5964
9.5964
9.5964
9.5964
9.5964
9.5964
9.5964
9.5964
9.5964
9.5964
9.5964
9.5964
9.5964
9.5964
9.5964
9.5964
9.5964
9.5964
9.5964
9.5964
9.5964
9.5964
9.5964
9.5964
9.5964
9.5964
9.5964
9.5964
9.5964
9.5964
9.5964
9.5964
9.5964
9.5964
9.5964
9.5964
9.5964
9.5964
9.5964
9.5964
9.5964
9.5964
9.5964
9.5964
9.5964
9.5964
9.5964
9.5964
9.5964
9.5964
9.5964
9.5964
9.5964
9.5964
9.5964
9.5964
9.5964
9.5964
9.5964
9.5964
9.5964
9.5964
9.5964
9.5964
9.5964
9.5964
9.5964
9.5964
9.5964
9.5964
9.5964
9.5964
9.5964
9.5964
9.5964
9.5964
9.5964
9.5964
9.5964
9.5964
9.5964
9.5964
9.5964
9.5964
9.5964
9.5964
9.5964
9.5964
9.5964
9.5964
9.5964
9.5964
9.5964
9.5964
9.5964
9.5964
9.5964
9.5964
9.5964
9.5964
9.5964
9.5964
9.5964
9.5964
9.5964
9.5964
9.5964
9.5964
9.5964
9.5964
9.5964
9.5964
9.5964
9.5964
9.5964
9.5964
9.5964
9.5964
9.5964
9.5964
9.5964
9.5964
9.5964
9.5964
9.5964
9.5964
9.5964
9.5964
9.5964
9.5964
9.5964
9.5964
9.5964
9.5964
9.5964
9.5964
9.5964
9.5964
9.5964
9.5964
9.5964
9.5964
9.5964
9.5964
9.5964
9.5964
9.5964
9.5964
9.5964
9.5964
9.5964
9.5964
9.5964
9.5964
9.5964
9.5964
9.5964
9.5964
9.5964
9.5964
9.5964
9.5964
9.5964
9.5964
9.5964
9.5964
9.5964
9.5964
9.5964
9.5964
9.5964
9.5964
9.5964
9.5964
9.5964
9.5964
9.5964
9.5964
9.5964
9.5964
9.5964
9.5964
9.5964
9.5964
9.5964
9.5964
9.5964
9.5964
9.5964
9.5964
9.5964
9.5964
9.5964
9.5964
9.5964
9.5964
9.5964
9.5964
9.5964
9.5964
9.5964
9.5964
9.5964
9.5964
9.5964
9.5964
9.5964
9.5964
9.5964
9.5964
9.5964
9.5964
9.5964
9.5964
9.5964
9.5964
9.5964
9.5964
9.5964
9.5964
9.5964
9.5964
9.5964
9.5964
9.5964
9.5964
9.5964
9.5964
9.5964
9.5964
9.5964
9.5964
9.5964
9.5964
9.5964
9.5964
9.5964
9.5964
9.5964
9.5964
9.5964
9.5964
9.5964
9.5964
9.5964
9.5964
9.5964
9.5964
9.5964
9.5964
9.5964
9.5964
9.5964
9.5964
9.5964
9.5964
9.5964
9.5964
9.5964
9.5964
9.5964
9.5964
9.5964
9.5964
9.5964
9.5964
9.5964
9.5964
9.5964
9.5964
9.5964
9.5964
9.5964
9.5964
9.5964
9.5964
9.5964
9.5964
9.5964
9.5964
9.5964
9.5964
9.5964
9.5964
9.5964
9.5964
9.5964
9.5964
9.5964
9.5964
9.5964
9.5964
9.5964
9.5964
9.5964
9.5964
9.5964
9.5964
9.5964
9.5964
9.5964
9.5964
9.5964
9.5964
9.5964
9.5964
9.5964
9.5964
9.5964
9.5964
9.5964
9.5964
9.5964
9.5964
9.5964
9.5964
9.5964
9.5964
9.5964
9.5964
9.5964
9.5964
9.5964
9.5964
9.5964
9.5964
9.5964
9.5964
9.5964
9.5964
9.5964
9.5964
9.5964
9.5964
9.5964
9.5964
9.5964
9.5964
9.5964
9.5964
9.5964
9.5964
9.5964
9.5964
9.5964
9.5964
9.5964
9.5964
9.5964
9.5964
9.5964
9.5964
9.5964
9.5964
9.5964
9.5964
9.5964
9.5964
9.5964
9.5964
9.5964
9.5964
9.5964
9.5964
9.5964
9.5964
9.5964
9.5964
9.5964
9.5964
9.5964
9.5964
9.5964
9.5964
9.5964
9.5964
9.5964
9.5964
9.5964
9.5964
9.5964
9.5964
9.5964
9.5964
9.5964
9.5964
9.5964
9.5964
9.5964
9.5964
9.5964
9.5964
9.5964
9.5964
9.5964
9.5964
9.5964
9.5964
9.5964
9.5964
9.5964
9.5964
9.5964
9.5964
9.5964
9.5964
9.5964
9.5964
9.5964
9.5964
9.5964
9.5964
9.5964
9.5964
9.5964
9.5964
9.5964
9.5964
9.5964
9.5964
9.5964
9.5964
9.5964
9.5964
9.5964
9.5964
9.5964
9.5964
9.5964
9.5964
9.5964
9.5964
9.5964
9.5964
9.5964
9.5964
9.5964
9.5964
9.5964
9.5964
9.5964
9.5964
9.5964
9.5964
9.5964
9.5964
9.5964
9.5964
9.5964
9.5964
9.5964
9.5964
9.5964
9.5964
9.5964
9.5964
9.5964
9.5964
9.5964
9.5964
9.5964
9.5964
9.5964
9.5964
9.5964
9.5964
9.5964
9.5964
9.5964
9.5964
9.5964
9.5964
9.5964
9.5964
9.5964
9.5964
9.5964
9.5964
9.5964
9.5964
9.5964
9.5964
9.5964
9.5964
9.5964
9.5964
9.5964
9.5964
9.5964
9.5964
9.5964
9.5964
9.5964
9.5964
9.5964
9.5964
9.5964
9.5964
9.5964
9.5964
9.5964
9.5964
9.5964
9.5964
9.5964
9.5964
9.5964
9.5964
9.5964
9.5964
9.5964
9.5964
9.5964
9.5964
9.5964
9.5964
9.5964
9.5964
9.5964
9.5964
9.5964
9.5964
9.5964
9.5964
9.5964
9.5964
9.5964
9.5964
9.5964
9.5964
9.5964
9.5964
9.5964
9.5964
9.5964
9.5964
9.5964
9.5964
9.5964
9.5964
9.5964
9.5964
9.5964
9.5964
9.5964
9.5964
9.5964
9.5964
9.5964
9.5964
9.5964
9.5964
9.5964
9.5964
9.5964
9.5964
9.5964
9.5964
9.5964
9.5964
9.5964
9.5964
9.5964
9.5964
9.5964
9.5964
9.5964
9.5964
9.5964
9.5964
9.5964
9.5964
9.5964
9.5964
9.5964
9.5964
9.5964
9.5964
9.5964
9.5964
9.5964
9.5964
9.5964
9.5964
9.5964
9.5964
9.5964
9.5964
9.5964
9.5964
9.5964
9.5964
9.5964
9.5964
9.5964
9.5964
9.5964
9.5964
9.5964
9.5964
9.5964
9.5964
9.5964
9.5964
9.5964
9.5964
9.5964
9.5964
9.5964
9.5964
9.5964
9.5964
9.5964
9.5964
9.5964
9.5964
9.5964
9.5964
9.5964
9.5964
9.5964
9.5964
9.5964
9.5964
9.5964
9.5964
9.5964
9.5964
9.5964
9.5964
9.5964
9.5964
9.5964
9.5964
9.5964
9.5964
9.5964
9.5964
9.5964
9.5964
9.5964
9.5964
9.5964
9.5964
9.5964
9.5964
9.5964
9.5964
9.5964
9.5964
9.5964
9.5964
9.5964
9.5964
9.5964
9.5964
9.5964
9.5964
9.5964
9.5964
9.5964
9.5964
9.5964
9.5964
9.5964
9.5964
9.5964
9.5964
9.5964
9.5964
9.5964
9.5964
9.5964
9.5964
9.5964
9.5964
9.5964
9.5964
9.5964
9.5964
9.5964
9.5964
9.5964
9.5964
9.5964
9.5964
9.5964
9.5964
9.5964
9.5964
9.5964
9.5964
9.5964
9.5964
9.5964
9.5964
9.5964
9.5964
9.5964
9.5964
9.5964
9.5964
9.5964
9.5964
9.5964
9.5964
9.5964
9.5964
9.5964
9.5964
9.5964
9.5964
9.5964
9.5964
9.5964
9.5964
9.5964
9.5964
9.5964
9.5964
9.5964
9.5964
9.5964
9.5964
9.5964
9.5964
9.5964
9.5964
9.5964
9.5964
9.5964
9.5964
9.5964
9.5964
9.5964
9.5964
9.5964
9.5964
9.5964
9.5964
9.5964
9.5964
9.5964
9.5964
9.5964
9.5964
9.5964
9.5964
9.5964
9.5964
9.5964
9.5964
9.5964
9.5964
9.5964
9.5964
9.5964
9.5964
9.5964
9.5964
9.5964
9.5964
9.5964
9.5964
9.5964
9.5964
9.5964
9.5964
9.5964
9.5964
9.5964
9.5964
9.5964
9.5964
9.5964
9.5964
9.5964
9.5964
9.5964
9.5964
9.5964
9.5964
9.5964
9.5964
9.5964
9.5964
9.5964
9.5964
9.5964
9.5964
9.5964
9.5964
9.5964
9.5964
9.5964
9.5964
9.5964
9.5964
9.5964
9.5964
9.5964
9.5964
9.5964
9.5964
9.5964
9.5964
9.5964
9.5964
9.5964
9.5964
9.5964
9.5964
9.5964
9.5964
9.5964
9.5964
9.5964
9.5964
9.5964
9.5964
9.5964
9.5964
9.5964
9.5964
9.5964
9.5964
9.5964
9.5964
9.5964
9.5964
9.5964
9.5964
9.5964
9.5964
9.5964
9.5964
9.5964
9.5964
9.5964
9.5964
9.5964
9.5964
9.5964
9.5964
9.5964
9.5964
9.5964
9.5964
9.5964
9.5964
9.5964
9.5964
9.5964
9.5964
9.5964
9.5964
9.5964
9.5964
9.5964
9.5964
9.5964
9.5964
9.5964
9.5964
9.5964
9.5964
9.5964
9.5964
9.5964
9.5964
9.5964
9.5964
9.5964
9.5964
9.5964
9.5964
9.5964
9.5964
9.5964
9.5964
9.5964
9.5964
9.5964
9.5964
9.5964
9.5964
9.5964
9.5964
9.5964
9.5964
9.5964
9.5964
9.5964
9.5964
9.5964
9.5964
9.5964
9.5964
9.5964
9.5964
9.5964
9.5964
9.5964
9.5964
9.5964
9.5964
9.5964
9.5964
9.5964
9.5964
9.5964
9.5964
9.5964
9.5964
9.5964
9.5964
9.5964
9.5964
9.5964
9.5964
9.5964
9.5964
9.5964
9.5964
9.5964
9.5964
9.5964
9.5964
9.5964
9.5964
9.5964
9.5964
9.5964
9.5964
9.5964
9.5964
9.5964
9.5964
9.5964
9.5964
9.5964
9.5964
9.5964
9.5964
9.5964
9.5964
9.5964
9.5964
9.5964
9.5964
9.5964
9.5964
9.5964
9.5964
9.5964
9.5964
9.5964
9.5964
9.5964
9.5964
9.5964
9.5964
9.5964
9.5964
9.5964
9.5964
9.5964
9.5964
9.5964
9.5964
9.5964
9.5964
9.5964
9.5964
9.5964
9.5964
9.5964
9.5964
9.5964
9.5964
9.5964
9.5964
9.5964
9.5964
9.5964
9.5964
9.5964
9.5964
9.5964
9.5964
9.5964
9.5964
9.5964
9.5964
9.5964
9.5964
9.5964
9.5964
9.5964
9.5964
9.5964
9.5964
9.5964
9.5964
9.5964
9.5964
9.5964
9.5964
9.5964
9.5964
9.5964
9.5964
9.5964
9.5964
9.5964
9.5964
9.5964
9.5964
9.5964
9.5964
9.5964
9.5964
9.5964
9.5964
9.5964
9.5964
9.5964
9.5964
9.5964
9.5964
9.5964
9.5964
9.5964
9.5964
9.5964
9.5964
9.5964
9.5964
9.5964
9.5964
9.5964
9.5964
9.5964
9.5964
9.5964
9.5964
9.5964
9.5964
9.5964
9.5964
9.5964
9.5964
9.5964
9.5964
9.5964
9.5964
9.5964
9.5964
9.5964
9.5964
9.5964
9.5964
9.5964
9.5964
9.5964
9.5964
9.5964
9.5964
9.5964
9.5964
9.5964
9.5964
9.5964
9.5964
9.5964
9.5964
9.5964
9.5964
9.5964
9.5964
9.5964
9.5964
9.5964
9.5964
9.5964
9.5964
9.5964
9.5964
9.5964
9.5964
9.5964
9.5964
9.5964
9.5964
9.5964
9.5964
9.5964
9.5964
9.5964
9.5964
9.5964
9.5964
9.5964
9.5964
9.5964
9.5964
9.5964
9.5964
9.5964
9.5964
9.5964
9.5964
9.5964
9.5964
9.5964
9.5964
9.5964
9.5964
9.5964
9.5964
9.5964
9.5964
9.5964
9.5964
9.5964
9.5964
9.5964
9.5964
9.5964
9.5964
9.5964
9.5964
9.5964
9.5964
9.5964
9.5964
9.5964
9.5964
9.5964
9.5964
9.5964
9.5964
9.5964
9.5964
9.5964
9.5964
9.5964
9.5964
9.5964
9.5964
9.5964
9.5964
9.5964
9.5964
9.5964
9.5964
9.5964
9.5964
9.5964
9.5964
9.5964
9.5964
9.5964
9.5964
9.5964
9.5964
9.5964
9.5964
9.5964
9.5964
9.5964
9.5964
9.5964
9.5964
9.5964
9.5964
9.5964
9.5964
9.5964
9.5964
9.5964
9.5964
9.5964
9.5964
9.5964
9.5964
9.5964
9.5964
9.5964
9.5964
9.5964
9.5964
9.5964
9.5964
9.5964
9.5964
9.5964
9.5964
9.5964
9.5964
9.5964
9.5964
9.5964
9.5964
9.5964
9.5964
9.5964
9.5964
9.5964
9.5964
9.5964
9.5964
9.5964
9.5964
9.5964
9.5964
9.5964
9.5964
9.5964
9.5964
9.5964
9.5964
9.5964
9.5964
9.5964
9.5964
9.5964
9.5964
9.5964
9.5964
9.5964
9.5964
9.5964
9.5964
9.5964
9.5964
9.5964
9.5964
9.5964
9.5964
9.5964
9.5964
9.5964
9.5964
9.5964
9.5964
