9.5964
9.5964
9.5964
9.5964
9.5964
9.5964
9.5964
9.5964
9.5964
9.5964
9.5964
9.5964
9.5964
9.5964
9.5964
9.5964
9.5964
9.5964
9.5964
9.5964
9.5963
9.5963
9.5963
9.5963
9.5963
9.5963
9.5963
9.5963
9.5963
9.5963
9.5963
9.5963
9.5963
9.5963
9.5963
9.5963
9.5963
9.5963
9.5963
9.5963
9.5963
9.5963
9.5963
9.5963
9.5963
9.5963
9.5963
9.5963
9.5963
9.5963
9.5963
9.5963
9.5963
9.5963
9.5963
9.5963
9.5963
9.5963
9.5963
9.5963
9.5963
9.5963
9.5963
9.5963
9.5963
9.5963
9.5963
9.5963
9.5963
9.5963
9.5963
9.5963
9.5963
9.5963
9.5963
9.5963
9.5963
9.5963
9.5963
9.5963
9.5963
9.5963
9.5963
9.5963
9.5963
9.5963
9.5963
9.5963
9.5963
9.5963
9.5963
9.5963
9.5963
9.5963
9.5963
9.5963
9.5963
9.5963
9.5963
9.5963
9.5963
9.5963
9.5963
9.5963
9.5963
9.5963
9.5963
9.5963
9.5963
9.5963
9.5963
9.5963
9.5963
9.5963
9.5963
9.5963
9.5963
9.5963
9.5963
9.5963
9.5963
9.5963
9.5963
9.5963
9.5963
9.5963
9.5963
9.5963
9.5963
9.5963
9.5963
9.5963
9.5963
9.5963
9.5963
9.5963
9.5963
9.5963
9.5963
9.5963
9.5963
9.5963
9.5963
9.5963
9.5963
9.5963
9.5963
9.5963
9.5963
9.5963
9.5963
9.5963
9.5963
9.5963
9.5963
9.5963
9.5963
9.5962
9.5962
9.5962
9.5962
9.5962
9.5962
9.5962
9.5962
9.5962
9.5962
9.5962
9.5962
9.5962
9.5962
9.5962
9.5962
9.5962
9.5962
9.5962
9.5962
9.5962
9.5962
9.5962
9.5962
9.5962
9.5962
9.5962
9.5962
9.5962
9.5962
9.5962
9.5962
9.5962
9.5962
9.5962
9.5962
9.5962
9.5962
9.5962
9.5962
9.5962
9.5962
9.5962
9.5962
9.5962
9.5962
9.5962
9.5962
9.5962
9.5962
9.5962
9.5962
9.5962
9.5962
9.5962
9.5962
9.5962
9.5961
9.5961
9.5961
9.5961
9.5961
9.5961
9.5961
9.5961
9.5961
9.5961
9.5961
9.5961
9.5961
9.5961
9.5961
9.5961
9.5961
9.5961
9.5961
9.5961
9.5961
9.5961
9.5961
9.5961
9.5961
9.5961
9.5961
9.5961
9.5961
9.5961
9.5961
9.5961
9.5961
9.5961
9.5961
9.5961
9.5961
9.5960
9.5960
9.5960
9.5960
9.5960
9.5960
9.5960
9.5960
9.5960
9.5960
9.5960
9.5960
9.5960
9.5960
9.5960
9.5960
9.5960
9.5960
9.5960
9.5960
9.5960
9.5960
9.5960
9.5960
9.5960
9.5960
9.5960
9.5959
9.5959
9.5959
9.5959
9.5959
9.5959
9.5959
9.5959
9.5959
9.5959
9.5959
9.5959
9.5959
9.5959
9.5959
9.5959
9.5959
9.5959
9.5959
9.5959
9.5959
9.5958
9.5958
9.5958
9.5958
9.5958
9.5958
9.5958
9.5958
9.5958
9.5958
9.5958
9.5958
9.5958
9.5958
9.5958
9.5958
9.5958
9.5958
9.5957
9.5957
9.5957
9.5957
9.5957
9.5957
9.5957
9.5957
9.5957
9.5957
9.5957
9.5957
9.5957
9.5957
9.5957
9.5957
9.5956
9.5956
9.5956
9.5956
9.5956
9.5956
9.5956
9.5956
9.5956
9.5956
9.5956
9.5956
9.5956
9.5955
9.5955
9.5955
9.5955
9.5955
9.5955
9.5955
9.5955
9.5955
9.5955
9.5955
9.5955
9.5954
9.5954
9.5954
9.5954
9.5954
9.5954
9.5954
9.5954
9.5954
9.5954
9.5953
9.5953
9.5953
9.5953
9.5953
9.5953
9.5953
9.5953
9.5953
9.5953
9.5952
9.5952
9.5952
9.5952
9.5952
9.5952
9.5952
9.5952
9.5952
9.5951
9.5951
9.5951
9.5951
9.5951
9.5951
9.5951
9.5951
9.5950
9.5950
9.5950
9.5950
9.5950
9.5950
9.5950
9.5949
9.5949
9.5949
9.5949
9.5949
9.5949
9.5949
9.5949
9.5948
9.5948
9.5948
9.5948
9.5948
9.5948
9.5947
9.5947
9.5947
9.5947
9.5947
9.5947
9.5946
9.5946
9.5946
9.5946
9.5946
9.5946
9.5945
9.5945
9.5945
9.5945
9.5945
9.5945
9.5944
9.5944
9.5944
9.5944
9.5944
9.5943
9.5943
9.5943
9.5943
9.5943
9.5942
9.5942
9.5942
9.5942
9.5942
9.5941
9.5941
9.5941
9.5941
9.5941
9.5940
9.5940
9.5940
9.5940
9.5939
9.5939
9.5939
9.5939
9.5938
9.5938
9.5938
9.5938
9.5937
9.5937
9.5937
9.5937
9.5936
9.5936
9.5936
9.5936
9.5935
9.5935
9.5935
9.5935
9.5934
9.5934
9.5934
9.5933
9.5933
9.5933
9.5933
9.5932
9.5932
9.5932
9.5931
9.5931
9.5931
9.5930
9.5930
9.5930
9.5929
9.5929
9.5929
9.5928
9.5928
9.5928
9.5927
9.5927
9.5927
9.5926
9.5926
9.5926
9.5925
9.5925
9.5925
9.5924
9.5924
9.5924
9.5923
9.5923
9.5922
9.5922
9.5922
9.5921
9.5921
9.5920
9.5920
9.5920
9.5919
9.5919
9.5918
9.5918
9.5917
9.5917
9.5917
9.5916
9.5916
9.5915
9.5915
9.5914
9.5914
9.5913
9.5913
9.5912
9.5912
9.5911
9.5911
9.5910
9.5910
9.5909
9.5909
9.5908
9.5908
9.5907
9.5907
9.5906
9.5906
9.5905
9.5905
9.5904
9.5903
9.5903
9.5902
9.5902
9.5901
9.5901
9.5900
9.5899
9.5899
9.5898
9.5897
9.5897
9.5896
9.5896
9.5895
9.5894
9.5894
9.5893
9.5892
9.5892
9.5891
9.5890
9.5890
9.5889
9.5888
9.5887
9.5887
9.5886
9.5885
9.5885
9.5884
9.5883
9.5882
9.5882
9.5881
9.5880
9.5879
9.5878
9.5878
9.5877
9.5876
9.5875
9.5874
9.5873
9.5873
9.5872
9.5871
9.5870
9.5869
9.5868
9.5867
9.5866
9.5866
9.5865
9.5864
9.5863
9.5862
9.5861
9.5860
9.5859
9.5858
9.5857
9.5856
9.5855
9.5854
9.5853
9.5852
9.5851
9.5850
9.5849
9.5848
9.5847
9.5845
9.5844
9.5843
9.5842
9.5841
9.5840
9.5839
9.5838
9.5836
9.5835
9.5834
9.5833
9.5832
9.5830
9.5829
9.5828
9.5827
9.5825
9.5824
9.5823
9.5821
9.5820
9.5819
9.5817
9.5816
9.5815
9.5813
9.5812
9.5810
9.5809
9.5808
9.5806
9.5805
9.5803
9.5802
9.5800
9.5799
9.5797
9.5796
9.5794
9.5792
9.5791
9.5789
9.5788
9.5786
9.5784
9.5783
9.5781
9.5779
9.5778
9.5776
9.5774
9.5772
9.5771
9.5769
9.5767
9.5765
9.5763
9.5762
9.5760
9.5758
9.5756
9.5754
9.5752
9.5750
9.5748
9.5746
9.5744
9.5742
9.5740
9.5738
9.5736
9.5734
9.5732
9.5729
9.5727
9.5725
9.5723
9.5721
9.5719
9.5716
9.5714
9.5712
9.5709
9.5707
9.5705
9.5702
9.5700
9.5697
9.5695
9.5692
9.5690
9.5687
9.5685
9.5682
9.5680
9.5677
9.5675
9.5672
9.5669
9.5667
9.5664
9.5661
9.5658
9.5655
9.5653
9.5650
9.5647
9.5644
9.5641
9.5638
9.5635
9.5632
9.5629
9.5626
9.5623
9.5620
9.5617
9.5614
9.5610
9.5607
9.5604
9.5601
9.5597
9.5594
9.5590
9.5587
9.5584
9.5580
9.5577
9.5573
9.5570
9.5566
9.5562
9.5559
9.5555
9.5551
9.5548
9.5544
9.5540
9.5536
9.5532
9.5528
9.5524
9.5520
9.5516
9.5512
9.5508
9.5504
9.5500
9.5496
9.5491
9.5487
9.5483
9.5478
9.5474
9.5469
9.5465
9.5460
9.5456
9.5451
9.5447
9.5442
9.5437
9.5432
9.5428
9.5423
9.5418
9.5413
9.5408
9.5403
9.5398
9.5393
9.5388
9.5382
9.5377
9.5372
9.5367
9.5361
9.5356
9.5350
9.5345
9.5339
9.5333
9.5328
9.5322
9.5316
9.5310
9.5305
9.5299
9.5293
9.5287
9.5281
9.5274
9.5268
9.5262
9.5256
9.5249
9.5243
9.5236
9.5230
9.5223
9.5217
9.5210
9.5203
9.5196
9.5189
9.5183
9.5176
9.5168
9.5161
9.5154
9.5147
9.5140
9.5132
9.5125
9.5117
9.5110
9.5102
9.5094
9.5087
9.5079
9.5071
9.5063
9.5055
9.5047
9.5039
9.5030
9.5022
9.5014
9.5005
9.4997
9.4988
9.4979
9.4971
9.4962
9.4953
9.4944
9.4935
9.4926
9.4917
9.4907
9.4898
9.4889
9.4879
9.4869
9.4860
9.4850
9.4840
9.4830
9.4820
9.4810
9.4800
9.4789
9.4779
9.4769
9.4758
9.4747
9.4737
9.4726
9.4715
9.4704
9.4693
9.4682
9.4670
9.4659
9.4647
9.4636
9.4624
9.4612
9.4600
9.4589
9.4576
9.4564
9.4552
9.4540
9.4527
9.4514
9.4502
9.4489
9.4476
9.4463
9.4450
9.4437
9.4423
9.4410
9.4396
9.4382
9.4369
9.4355
9.4341
9.4327
9.4312
9.4298
9.4283
9.4269
9.4254
9.4239
9.4224
9.4209
9.4194
9.4178
9.4163
9.4147
9.4131
9.4115
9.4099
9.4083
9.4067
9.4050
9.4034
9.4017
9.4000
9.3983
9.3966
9.3949
9.3932
9.3914
9.3896
9.3879
9.3861
9.3842
9.3824
9.3806
9.3787
9.3768
9.3749
9.3730
9.3711
9.3692
9.3672
9.3653
9.3633
9.3613
9.3593
9.3572
9.3552
9.3531
9.3511
9.3490
9.3468
9.3447
9.3426
9.3404
9.3382
9.3360
9.3338
9.3316
9.3293
9.3270
9.3247
9.3224
9.3201
9.3178
9.3154
9.3130
9.3106
9.3082
9.3058
9.3033
9.3008
9.2983
9.2958
9.2933
9.2907
9.2881
9.2855
9.2829
9.2803
9.2776
9.2749
9.2722
9.2695
9.2668
9.2640
9.2612
9.2584
9.2556
9.2527
9.2499
9.2470
9.2441
9.2411
9.2382
9.2352
9.2322
9.2291
9.2261
9.2230
9.2199
9.2168
9.2136
9.2105
9.2073
9.2041
9.2008
9.1975
9.1942
9.1909
9.1876
9.1842
9.1808
9.1774
9.1740
9.1705
9.1670
9.1635
9.1599
9.1564
9.1528
9.1491
9.1455
9.1418
9.1381
9.1344
9.1306
9.1268
9.1230
9.1192
9.1153
9.1114
9.1075
9.1035
9.0995
9.0955
9.0915
9.0874
9.0833
9.0792
9.0750
9.0709
9.0666
9.0624
9.0581
9.0538
9.0495
9.0451
9.0407
9.0363
9.0319
9.0274
9.0229
9.0183
9.0137
9.0091
9.0045
8.9998
8.9951
8.9904
8.9856
8.9808
8.9760
8.9712
8.9662
8.9613
8.9564
8.9514
8.9464
8.9413
8.9362
8.9311
8.9259
8.9208
8.9155
8.9103
8.9050
8.8997
8.8943
8.8890
8.8836
8.8781
8.8726
8.8671
8.8616
8.8560
8.8503
8.8447
8.8390
8.8333
8.8275
8.8218
8.8159
8.8101
8.8042
8.7983
8.7923
8.7863
8.7803
8.7742
8.7682
8.7620
8.7559
8.7497
8.7435
8.7372
8.7309
8.7246
8.7182
8.7118
8.7054
8.6989
8.6924
8.6859
8.6793
8.6727
8.6661
8.6595
8.6528
8.6460
8.6393
8.6325
8.6257
8.6188
8.6119
8.6050
8.5981
8.5911
8.5841
8.5770
8.5700
8.5629
8.5557
8.5486
8.5414
8.5341
8.5269
8.5196
8.5123
8.5050
8.4976
8.4902
8.4828
8.4753
8.4679
8.4604
8.4528
8.4453
8.4377
8.4301
8.4225
8.4148
8.4071
8.3994
8.3917
8.3840
8.3762
8.3684
8.3606
8.3528
8.3449
8.3370
8.3292
8.3212
8.3133
8.3054
8.2974
8.2894
8.2814
8.2734
8.2654
8.2574
8.2493
8.2412
8.2332
8.2251
8.2170
8.2089
8.2007
8.1926
8.1845
8.1763
8.1682
8.1600
8.1519
8.1437
8.1355
8.1274
8.1192
8.1110
8.1028
8.0947
8.0865
8.0783
8.0702
8.0620
8.0538
8.0457
8.0375
8.0294
8.0213
8.0131
8.0050
7.9969
7.9888
7.9808
7.9727
7.9647
7.9566
7.9486
7.9406
7.9326
7.9247
7.9167
7.9088
7.9009
7.8931
7.8852
7.8774
7.8696
7.8618
7.8541
7.8464
7.8387
7.8311
7.8235
7.8159
7.8083
7.8008
7.7934
7.7859
7.7785
7.7712
7.7639
7.7566
7.7494
7.7422
7.7351
7.7280
7.7209
7.7139
7.7070
7.7001
7.6933
7.6865
7.6797
7.6731
7.6664
7.6599
7.6533
7.6469
7.6405
7.6341
7.6279
7.6217
7.6155
7.6094
7.6034
7.5974
7.5915
7.5857
7.5799
7.5743
7.5686
7.5631
7.5576
7.5522
7.5469
7.5416
7.5364
7.5313
7.5263
7.5213
7.5164
7.5116
7.5069
7.5022
7.4977
7.4932
7.4888
7.4844
7.4802
7.4760
7.4719
7.4679
7.4640
7.4602
7.4564
7.4527
7.4492
7.4457
7.4423
7.4389
7.4357
7.4326
7.4295
7.4265
7.4236
7.4208
7.4181
7.4155
7.4130
7.4105
7.4082
7.4059
7.4037
7.4017
7.3997
7.3978
7.3959
7.3942
7.3926
7.3910
7.3896
7.3882
7.3869
7.3858
7.3847
7.3837
7.3827
7.3819
7.3812
7.3805
7.3800
7.3795
7.3791
7.3788
7.3786
7.3785
7.3785
7.3785
7.3787
7.3789
7.3792
7.3796
7.3801
7.3807
7.3814
7.3821
7.3830
7.3839
7.3849
7.3860
7.3872
7.3884
7.3897
7.3912
7.3927
7.3942
7.3959
7.3976
7.3995
7.4014
7.4033
7.4054
7.4075
7.4098
7.4120
7.4144
7.4168
7.4194
7.4220
7.4246
7.4274
7.4302
7.4330
7.4360
7.4390
7.4421
7.4453
7.4485
7.4518
7.4552
7.4586
7.4621
7.4657
7.4693
7.4731
7.4768
7.4806
7.4845
7.4885
7.4925
7.4966
7.5007
7.5049
7.5092
7.5135
7.5179
7.5223
7.5268
7.5313
7.5359
7.5406
7.5453
7.5500
7.5548
7.5597
7.5646
7.5696
7.5746
7.5796
7.5847
7.5899
7.5951
7.6003
7.6056
7.6110
7.6163
7.6218
7.6272
7.6327
7.6383
7.6439
7.6495
7.6552
7.6609
7.6666
7.6724
7.6782
7.6841
7.6900
7.6959
7.7019
7.7079
7.7139
7.7200
7.7261
7.7322
7.7383
7.7445
7.7507
7.7570
7.7632
7.7695
7.7758
7.7822
7.7886
7.7950
7.8014
7.8078
7.8143
7.8208
7.8273
7.8338
7.8404
7.8469
7.8535
7.8601
7.8668
7.8734
7.8801
7.8867
7.8934
7.9002
7.9069
7.9136
7.9204
7.9271
7.9339
7.9407
7.9475
7.9543
7.9611
7.9680
7.9748
7.9817
7.9885
7.9954
8.0023
8.0091
8.0160
8.0229
8.0298
8.0367
8.0436
8.0506
8.0575
8.0644
8.0713
8.0782
8.0852
8.0921
8.0990
8.1060
8.1129
8.1198
8.1268
8.1337
8.1406
8.1475
8.1545
8.1614
8.1683
8.1752
8.1821
8.1890
8.1959
8.2028
8.2097
8.2166
8.2235
8.2303
8.2372
8.2441
8.2509
8.2577
8.2646
8.2714
8.2782
8.2850
8.2918
8.2986
8.3054
8.3121
8.3189
8.3256
8.3324
8.3391
8.3458
8.3525
8.3592
8.3659
8.3725
8.3792
8.3858
8.3924
8.3990
8.4056
8.4122
8.4187
8.4253
8.4318
8.4383
8.4448
8.4513
8.4578
8.4642
8.4706
8.4771
8.4835
8.4898
8.4962
8.5025
8.5089
8.5152
8.5215
8.5277
8.5340
8.5402
8.5465
8.5527
8.5588
8.5650
8.5711
8.5772
8.5833
8.5894
8.5955
8.6015
8.6075
8.6135
8.6195
8.6255
8.6314
8.6373
8.6432
8.6491
8.6549
8.6608
8.6666
8.6724
8.6781
8.6839
8.6896
8.6953
8.7009
8.7066
8.7122
8.7178
8.7234
8.7290
8.7345
8.7400
8.7455
8.7510
8.7564
8.7619
8.7673
8.7727
8.7780
8.7833
8.7886
8.7939
8.7992
8.8044
8.8096
8.8148
8.8200
8.8251
8.8303
8.8354
8.8404
8.8455
8.8505
8.8555
8.8605
8.8654
8.8704
8.8753
8.8802
8.8850
8.8898
8.8947
8.8994
8.9042
8.9089
8.9137
8.9184
8.9230
8.9277
8.9323
8.9369
8.9415
8.9460
8.9505
8.9550
8.9595
8.9640
8.9684
8.9728
8.9772
8.9815
8.9859
8.9902
8.9945
8.9987
9.0030
9.0072
9.0114
9.0156
9.0197
9.0238
9.0279
9.0320
9.0361
9.0401
9.0441
9.0481
9.0521
9.0560
9.0599
9.0638
9.0677
9.0716
9.0754
9.0792
9.0830
9.0867
9.0905
9.0942
9.0979
9.1016
9.1052
9.1088
9.1125
9.1160
9.1196
9.1231
9.1267
9.1302
9.1336
9.1371
9.1405
9.1439
9.1473
9.1507
9.1541
9.1574
9.1607
9.1640
9.1672
9.1705
9.1737
9.1769
9.1801
9.1833
9.1864
9.1895
9.1926
9.1957
9.1988
9.2018
9.2048
9.2078
9.2108
9.2138
9.2167
9.2197
9.2226
9.2254
9.2283
9.2312
9.2340
9.2368
9.2396
9.2424
9.2451
9.2478
9.2506
9.2533
9.2559
9.2586
9.2612
9.2639
9.2665
9.2691
9.2716
9.2742
9.2767
9.2792
9.2817
9.2842
9.2867
9.2892
9.2916
9.2940
9.2964
9.2988
9.3011
9.3035
9.3058
9.3081
9.3104
9.3127
9.3150
9.3172
9.3195
9.3217
9.3239
9.3261
9.3283
9.3304
9.3325
9.3347
9.3368
9.3389
9.3410
9.3430
9.3451
9.3471
9.3491
9.3511
9.3531
9.3551
9.3570
9.3590
9.3609
9.3628
9.3647
9.3666
9.3685
9.3704
9.3722
9.3741
9.3759
9.3777
9.3795
9.3812
9.3830
9.3848
9.3865
9.3882
9.3899
9.3917
9.3933
9.3950
9.3967
9.3983
9.4000
9.4016
9.4032
9.4048
9.4064
9.4080
9.4095
9.4111
9.4126
9.4142
9.4157
9.4172
9.4187
9.4202
9.4216
9.4231
9.4245
9.4260
9.4274
9.4288
9.4302
9.4316
9.4330
9.4344
9.4357
9.4371
9.4384
9.4397
9.4411
9.4424
9.4437
9.4449
9.4462
9.4475
9.4487
9.4500
9.4512
9.4525
9.4537
9.4549
9.4561
9.4573
9.4585
9.4596
9.4608
9.4619
9.4631
9.4642
9.4653
9.4665
9.4676
9.4687
9.4698
9.4708
9.4719
9.4730
9.4740
9.4751
9.4761
9.4771
9.4782
9.4792
9.4802
9.4812
9.4822
9.4831
9.4841
9.4851
9.4860
9.4870
9.4879
9.4889
9.4898
9.4907
9.4916
9.4925
9.4934
9.4943
9.4952
9.4961
9.4969
9.4978
9.4986
9.4995
9.5003
9.5012
9.5020
9.5028
9.5036
9.5044
9.5052
9.5060
9.5068
9.5076
9.5083
9.5091
9.5099
9.5106
9.5114
9.5121
9.5128
9.5136
9.5143
9.5150
9.5157
9.5164
9.5171
9.5178
9.5185
9.5192
9.5199
9.5205
9.5212
9.5219
9.5225
9.5232
9.5238
9.5244
9.5251
9.5257
9.5263
9.5269
9.5275
9.5281
9.5287
9.5293
9.5299
9.5305
9.5311
9.5317
9.5322
9.5328
9.5334
9.5339
9.5345
9.5350
9.5356
9.5361
9.5366
9.5372
9.5377
9.5382
9.5387
9.5392
9.5397
9.5402
9.5407
9.5412
9.5417
9.5422
9.5427
9.5432
9.5436
9.5441
9.5446
9.5450
9.5455
9.5459
9.5464
9.5468
9.5473
9.5477
9.5481
9.5486
9.5490
9.5494
9.5498
9.5503
9.5507
9.5511
9.5515
9.5519
9.5523
9.5527
9.5531
9.5534
9.5538
9.5542
9.5546
9.5550
9.5553
9.5557
9.5561
9.5564
9.5568
9.5571
9.5575
9.5578
9.5582
9.5585
9.5589
9.5592
9.5595
9.5599
9.5602
9.5605
9.5608
9.5612
9.5615
9.5618
9.5621
9.5624
9.5627
9.5630
9.5633
9.5636
9.5639
9.5642
9.5645
9.5648
9.5651
9.5654
9.5656
9.5659
9.5662
9.5665
9.5667
9.5670
9.5673
9.5675
9.5678
9.5680
9.5683
9.5686
9.5688
9.5691
9.5693
9.5696
9.5698
9.5700
9.5703
9.5705
9.5707
9.5710
9.5712
9.5714
9.5717
9.5719
9.5721
9.5723
9.5726
9.5728
9.5730
9.5732
9.5734
9.5736
9.5738
9.5740
9.5742
9.5744
9.5746
9.5748
9.5750
9.5752
9.5754
9.5756
9.5758
9.5760
9.5762
9.5764
9.5765
9.5767
9.5769
9.5771
9.5773
9.5774
9.5776
9.5778
9.5779
9.5781
9.5783
9.5784
9.5786
9.5788
9.5789
9.5791
9.5792
9.5794
9.5796
9.5797
9.5799
9.5800
9.5802
9.5803
9.5805
9.5806
9.5808
9.5809
9.5810
9.5812
9.5813
9.5815
9.5816
9.5817
9.5819
9.5820
9.5821
9.5823
9.5824
9.5825
9.5826
9.5828
9.5829
9.5830
9.5831
9.5833
9.5834
9.5835
9.5836
9.5837
9.5839
9.5840
9.5841
9.5842
9.5843
9.5844
9.5845
9.5846
9.5848
9.5849
9.5850
9.5851
9.5852
9.5853
9.5854
9.5855
9.5856
9.5857
9.5858
9.5859
9.5860
9.5861
9.5862
9.5863
9.5864
9.5865
9.5865
9.5866
9.5867
9.5868
9.5869
9.5870
9.5871
9.5872
9.5873
9.5873
9.5874
9.5875
9.5876
9.5877
9.5877
9.5878
9.5879
9.5880
9.5881
9.5881
9.5882
9.5883
9.5884
9.5884
9.5885
9.5886
9.5887
9.5887
9.5888
9.5889
9.5889
9.5890
9.5891
9.5891
9.5892
9.5893
9.5893
9.5894
9.5895
9.5895
9.5896
9.5897
9.5897
9.5898
9.5899
9.5899
9.5900
9.5900
9.5901
9.5902
9.5902
9.5903
9.5903
9.5904
9.5904
9.5905
9.5906
9.5906
9.5907
9.5907
9.5908
9.5908
9.5909
9.5909
9.5910
9.5910
9.5911
9.5911
9.5912
9.5912
9.5913
9.5913
9.5914
9.5914
9.5915
9.5915
9.5915
9.5916
9.5916
9.5917
9.5917
9.5918
9.5918
9.5919
9.5919
9.5919
9.5920
9.5920
9.5921
9.5921
9.5921
9.5922
9.5922
9.5923
9.5923
9.5923
9.5924
9.5924
9.5925
9.5925
9.5925
9.5926
9.5926
9.5926
9.5927
9.5927
9.5927
9.5928
9.5928
9.5928
9.5929
9.5929
9.5929
9.5930
9.5930
9.5930
9.5931
9.5931
9.5931
9.5932
9.5932
9.5932
9.5932
9.5933
9.5933
9.5933
9.5934
9.5934
9.5934
9.5935
9.5935
9.5935
9.5935
9.5936
9.5936
9.5936
9.5936
9.5937
9.5937
9.5937
9.5937
9.5938
9.5938
9.5938
9.5938
9.5939
9.5939
9.5939
9.5939
9.5940
9.5940
9.5940
9.5940
9.5940
9.5941
9.5941
9.5941
9.5941
9.5942
9.5942
9.5942
9.5942
9.5942
9.5943
9.5943
9.5943
9.5943
9.5943
9.5944
9.5944
9.5944
9.5944
9.5944
9.5945
9.5945
9.5945
9.5945
9.5945
9.5945
9.5946
9.5946
9.5946
9.5946
9.5946
9.5946
9.5947
9.5947
9.5947
9.5947
9.5947
9.5947
9.5948
9.5948
9.5948
9.5948
9.5948
9.5948
9.5948
9.5949
9.5949
9.5949
9.5949
9.5949
9.5949
9.5949
9.5950
9.5950
9.5950
9.5950
9.5950
9.5950
9.5950
9.5951
9.5951
9.5951
9.5951
9.5951
9.5951
9.5951
9.5951
9.5951
9.5952
9.5952
9.5952
9.5952
9.5952
9.5952
9.5952
9.5952
9.5953
9.5953
9.5953
9.5953
9.5953
9.5953
9.5953
9.5953
9.5953
9.5953
9.5954
9.5954
9.5954
9.5954
9.5954
9.5954
9.5954
9.5954
9.5954
9.5954
9.5954
9.5955
9.5955
9.5955
9.5955
9.5955
9.5955
9.5955
9.5955
9.5955
9.5955
9.5955
9.5956
9.5956
9.5956
9.5956
9.5956
9.5956
9.5956
9.5956
9.5956
9.5956
9.5956
9.5956
9.5956
9.5956
9.5957
9.5957
9.5957
9.5957
9.5957
9.5957
9.5957
9.5957
9.5957
9.5957
9.5957
9.5957
9.5957
9.5957
9.5957
9.5958
9.5958
9.5958
9.5958
9.5958
9.5958
9.5958
9.5958
9.5958
9.5958
9.5958
9.5958
9.5958
9.5958
9.5958
9.5958
9.5958
9.5958
9.5959
9.5959
9.5959
9.5959
9.5959
9.5959
9.5959
9.5959
9.5959
9.5959
9.5959
9.5959
9.5959
9.5959
9.5959
9.5959
9.5959
9.5959
9.5959
9.5959
9.5959
9.5960
9.5960
9.5960
9.5960
9.5960
9.5960
9.5960
9.5960
9.5960
9.5960
9.5960
9.5960
9.5960
9.5960
9.5960
9.5960
9.5960
9.5960
9.5960
9.5960
9.5960
9.5960
9.5960
9.5960
9.5960
9.5960
9.5960
9.5961
9.5961
9.5961
9.5961
9.5961
9.5961
9.5961
9.5961
9.5961
9.5961
9.5961
9.5961
9.5961
9.5961
9.5961
9.5961
9.5961
9.5961
9.5961
9.5961
9.5961
9.5961
9.5961
9.5961
9.5961
9.5961
9.5961
9.5961
9.5961
9.5961
9.5961
9.5961
9.5961
9.5961
9.5961
9.5961
9.5961
9.5962
9.5962
9.5962
9.5962
9.5962
9.5962
9.5962
9.5962
9.5962
9.5962
9.5962
9.5962
9.5962
9.5962
9.5962
9.5962
9.5962
9.5962
9.5962
9.5962
9.5962
9.5962
9.5962
9.5962
9.5962
9.5962
9.5962
9.5962
9.5962
9.5962
9.5962
9.5962
9.5962
9.5962
9.5962
9.5962
9.5962
9.5962
9.5962
9.5962
9.5962
9.5962
9.5962
9.5962
9.5962
9.5962
9.5962
9.5962
9.5962
9.5962
9.5962
9.5962
9.5962
9.5962
9.5962
9.5962
9.5962
9.5963
9.5963
9.5963
9.5963
9.5963
9.5963
9.5963
9.5963
9.5963
9.5963
9.5963
9.5963
9.5963
9.5963
9.5963
9.5963
9.5963
9.5963
9.5963
9.5963
9.5963
9.5963
9.5963
9.5963
9.5963
9.5963
9.5963
9.5963
9.5963
9.5963
9.5963
9.5963
9.5963
9.5963
9.5963
9.5963
9.5963
9.5963
9.5963
9.5963
9.5963
9.5963
9.5963
9.5963
9.5963
9.5963
9.5963
9.5963
9.5963
9.5963
9.5963
9.5963
9.5963
9.5963
9.5963
9.5963
9.5963
9.5963
9.5963
9.5963
9.5963
9.5963
9.5963
9.5963
9.5963
9.5963
9.5963
9.5963
9.5963
9.5963
9.5963
9.5963
9.5963
9.5963
9.5963
9.5963
9.5963
9.5963
9.5963
9.5963
9.5963
9.5963
9.5963
9.5963
9.5963
9.5963
9.5963
9.5963
9.5963
9.5963
9.5963
9.5963
9.5963
9.5963
9.5963
9.5963
9.5963
9.5963
9.5963
9.5963
9.5963
9.5963
9.5963
9.5963
9.5963
9.5963
9.5963
9.5963
9.5963
9.5963
9.5963
9.5963
9.5963
9.5963
9.5963
9.5963
9.5963
9.5963
9.5963
9.5963
9.5963
9.5963
9.5963
9.5963
9.5963
9.5963
9.5963
9.5963
9.5963
9.5963
9.5963
9.5963
9.5963
9.5963
9.5963
9.5963
9.5963
9.5964
9.5964
9.5964
9.5964
9.5964
9.5964
9.5964
9.5964
9.5964
9.5964
9.5964
9.5964
9.5964
9.5964
9.5964
9.5964
9.5964
9.5964
9.5964
9.5964
9.5964
9.5964
9.5964
9.5964
9.5964
9.5964
9.5964
9.5964
9.5964
9.5964
9.5964
9.5964
9.5964
9.5964
9.5964
9.5964
9.5964
9.5964
9.5964
9.5964
9.5964
9.5964
9.5964
9.5964
9.5964
9.5964
9.5964
9.5964
9.5964
9.5964
9.5964
9.5964
9.5964
9.5964
9.5964
9.5964
9.5964
9.5964
9.5964
9.5964
9.5964
9.5964
9.5964
9.5964
9.5964
9.5964
9.5964
9.5964
9.5964
9.5964
9.5964
9.5964
9.5964
9.5964
9.5964
9.5964
9.5964
9.5964
9.5964
9.5964
9.5964
9.5964
9.5964
9.5964
9.5964
9.5964
9.5964
9.5964
9.5964
9.5964
9.5964
9.5964
9.5964
9.5964
9.5964
9.5964
9.5964
9.5964
9.5964
9.5964
9.5964
9.5964
9.5964
9.5964
9.5964
9.5964
9.5964
9.5964
9.5964
9.5964
9.5964
9.5964
9.5964
9.5964
9.5964
9.5964
9.5964
9.5964
9.5964
9.5964
9.5964
9.5964
9.5964
9.5964
9.5964
9.5964
9.5964
9.5964
9.5964
9.5964
9.5964
9.5964
9.5964
9.5964
9.5964
9.5964
9.5964
9.5964
9.5964
9.5964
9.5964
9.5964
9.5964
9.5964
9.5964
9.5964
9.5964
9.5964
9.5964
9.5964
9.5964
9.5964
9.5964
9.5964
9.5964
9.5964
9.5964
9.5964
9.5964
9.5964
9.5964
9.5964
9.5964
9.5964
9.5964
9.5964
9.5964
9.5964
9.5964
9.5964
9.5964
9.5964
9.5964
9.5964
9.5964
9.5964
9.5964
9.5964
9.5964
9.5964
9.5964
9.5964
9.5964
9.5964
9.5964
9.5964
9.5964
9.5964
9.5964
9.5964
9.5964
9.5964
9.5964
9.5964
9.5964
9.5964
9.5964
9.5964
9.5964
9.5964
9.5964
9.5964
9.5964
9.5964
9.5964
9.5964
9.5964
9.5964
9.5964
9.5964
9.5964
9.5964
9.5964
9.5964
9.5964
9.5964
9.5964
9.5964
9.5964
9.5964
9.5964
9.5964
9.5964
9.5964
9.5964
9.5964
9.5964
9.5964
9.5964
9.5964
9.5964
9.5964
9.5964
9.5964
9.5964
9.5964
9.5964
9.5964
9.5964
9.5964
9.5964
9.5964
9.5964
9.5964
9.5964
9.5964
9.5964
9.5964
9.5964
9.5964
9.5964
9.5964
9.5964
9.5964
9.5964
9.5964
9.5964
9.5964
9.5964
9.5964
9.5964
9.5964
9.5964
9.5964
9.5964
9.5964
9.5964
9.5964
9.5964
9.5964
9.5964
9.5964
9.5964
9.5964
9.5964
9.5964
9.5964
9.5964
9.5964
9.5964
9.5964
9.5964
9.5964
9.5964
9.5964
9.5964
9.5964
9.5964
9.5964
9.5964
9.5964
9.5964
9.5964
9.5964
9.5964
9.5964
9.5964
9.5964
9.5964
9.5964
9.5964
9.5964
9.5964
9.5964
9.5964
9.5964
9.5964
9.5964
9.5964
9.5964
9.5964
9.5964
9.5964
9.5964
9.5964
9.5964
9.5964
9.5964
9.5964
9.5964
9.5964
9.5964
9.5964
9.5964
9.5964
9.5964
9.5964
9.5964
9.5964
9.5964
9.5964
9.5964
9.5964
9.5964
9.5964
9.5964
9.5964
9.5964
9.5964
9.5964
9.5964
9.5964
9.5964
9.5964
9.5964
9.5964
9.5964
9.5964
9.5964
9.5964
9.5964
9.5964
9.5964
9.5964
9.5964
9.5964
9.5964
9.5964
9.5964
9.5964
9.5964
9.5964
9.5964
9.5964
9.5964
9.5964
9.5964
9.5964
9.5964
9.5964
9.5964
9.5964
9.5964
9.5964
9.5964
9.5964
9.5964
9.5964
9.5964
9.5964
9.5964
9.5964
9.5964
9.5964
9.5964
9.5964
9.5964
9.5964
9.5964
9.5964
9.5964
9.5964
9.5964
9.5964
9.5964
9.5964
9.5964
9.5964
9.5964
9.5964
9.5964
9.5964
9.5964
9.5964
9.5964
9.5964
9.5964
9.5964
9.5964
9.5964
9.5964
9.5964
9.5964
9.5964
9.5964
9.5964
9.5964
9.5964
9.5964
9.5964
9.5964
9.5964
9.5964
9.5964
9.5964
9.5964
9.5964
9.5964
9.5964
9.5964
9.5964
9.5964
9.5964
9.5964
9.5964
9.5964
9.5964
9.5964
9.5964
9.5964
9.5964
9.5964
9.5964
9.5964
9.5964
9.5964
9.5964
9.5964
9.5964
9.5964
9.5964
9.5964
9.5964
9.5964
9.5964
9.5964
9.5964
9.5964
9.5964
9.5964
9.5964
9.5964
9.5964
9.5964
9.5964
9.5964
9.5964
9.5964
9.5964
9.5964
9.5964
9.5964
9.5964
9.5964
9.5964
9.5964
9.5964
9.5964
9.5964
9.5964
9.5964
9.5964
9.5964
9.5964
9.5964
9.5964
9.5964
9.5964
9.5964
9.5964
9.5964
9.5964
9.5964
9.5964
9.5964
9.5964
9.5964
9.5964
9.5964
9.5964
9.5964
9.5964
9.5964
9.5964
9.5964
9.5964
9.5964
9.5964
9.5964
9.5964
9.5964
9.5964
9.5964
9.5964
9.5964
9.5964
9.5964
9.5964
9.5964
9.5964
9.5964
9.5964
9.5964
9.5964
9.5964
9.5964
9.5964
9.5964
9.5964
9.5964
9.5964
9.5964
9.5964
9.5964
9.5964
9.5964
9.5964
9.5964
9.5964
9.5964
9.5964
9.5964
9.5964
9.5964
9.5964
9.5964
9.5964
9.5964
9.5964
9.5964
9.5964
9.5964
9.5964
9.5964
9.5964
9.5964
9.5964
9.5964
9.5964
9.5964
9.5964
9.5964
9.5964
9.5964
9.5964
9.5964
9.5964
9.5964
9.5964
9.5964
9.5964
9.5964
9.5964
9.5964
9.5964
9.5964
9.5964
9.5964
9.5964
9.5964
9.5964
9.5964
9.5964
9.5964
9.5964
9.5964
9.5964
9.5964
9.5964
9.5964
9.5964
9.5964
9.5964
9.5964
9.5964
9.5964
9.5964
9.5964
9.5964
9.5964
9.5964
9.5964
9.5964
9.5964
9.5964
9.5964
9.5964
9.5964
9.5964
9.5964
9.5964
9.5964
9.5964
9.5964
9.5964
9.5964
9.5964
9.5964
9.5964
9.5964
9.5964
9.5964
9.5964
9.5964
9.5964
9.5964
9.5964
9.5964
9.5964
9.5964
9.5964
9.5964
9.5964
9.5964
9.5964
9.5964
9.5964
9.5964
9.5964
9.5964
9.5964
9.5964
9.5964
9.5964
9.5964
9.5964
9.5964
9.5964
9.5964
9.5964
9.5964
9.5964
9.5964
9.5964
9.5964
9.5964
9.5964
9.5964
9.5964
9.5964
9.5964
9.5964
9.5964
9.5964
9.5964
9.5964
9.5964
9.5964
9.5964
9.5964
9.5964
9.5964
9.5964
9.5964
9.5964
9.5964
9.5964
9.5964
9.5964
9.5964
9.5964
9.5964
9.5964
9.5964
9.5964
9.5964
9.5964
9.5964
9.5964
9.5964
9.5964
9.5964
9.5964
9.5964
9.5964
9.5964
9.5964
9.5964
9.5964
9.5964
9.5964
9.5964
9.5964
9.5964
9.5964
9.5964
9.5964
9.5964
9.5964
9.5964
9.5964
9.5964
9.5964
9.5964
9.5964
9.5964
9.5964
9.5964
9.5964
9.5964
9.5964
9.5964
9.5964
9.5964
9.5964
9.5964
9.5964
9.5964
9.5964
9.5964
9.5964
9.5964
9.5964
9.5964
9.5964
9.5964
9.5964
9.5964
9.5964
9.5964
9.5964
9.5964
9.5964
9.5964
9.5964
9.5964
9.5964
9.5964
9.5964
9.5964
9.5964
9.5964
9.5964
9.5964
9.5964
9.5964
9.5964
9.5964
9.5964
9.5964
9.5964
9.5964
9.5964
9.5964
9.5964
9.5964
9.5964
9.5964
9.5964
9.5964
9.5964
9.5964
9.5964
9.5964
9.5964
9.5964
9.5964
9.5964
9.5964
9.5964
9.5964
9.5964
9.5964
9.5964
9.5964
9.5964
9.5964
9.5964
9.5964
9.5964
9.5964
9.5964
9.5964
9.5964
9.5964
9.5964
9.5964
9.5964
9.5964
9.5964
9.5964
9.5964
9.5964
9.5964
9.5964
9.5964
9.5964
9.5964
9.5964
9.5964
9.5964
9.5964
9.5964
9.5964
9.5964
9.5964
9.5964
9.5964
9.5964
9.5964
9.5964
9.5964
9.5964
9.5964
9.5964
9.5964
9.5964
9.5964
9.5964
9.5964
9.5964
9.5964
9.5964
9.5964
9.5964
9.5964
9.5964
9.5964
9.5964
9.5964
9.5964
9.5964
9.5964
9.5964
9.5964
9.5964
9.5964
9.5964
9.5964
9.5964
9.5964
9.5964
9.5964
9.5964
9.5964
9.5964
9.5964
9.5964
9.5964
9.5964
9.5964
9.5964
9.5964
9.5964
9.5964
9.5964
9.5964
9.5964
9.5964
9.5964
9.5964
9.5964
9.5964
9.5964
9.5964
9.5964
9.5964
9.5964
9.5964
9.5964
9.5964
9.5964
9.5964
9.5964
9.5964
9.5964
9.5964
9.5964
9.5964
9.5964
9.5964
9.5964
9.5964
9.5964
9.5964
9.5964
9.5964
9.5964
9.5964
9.5964
9.5964
9.5964
9.5964
9.5964
9.5964
9.5964
9.5964
9.5964
9.5964
9.5964
9.5964
9.5964
9.5964
9.5964
9.5964
9.5964
9.5964
9.5964
9.5964
9.5964
9.5964
9.5964
9.5964
9.5964
9.5964
9.5964
9.5964
9.5964
9.5964
9.5964
9.5964
9.5964
9.5964
9.5964
9.5964
9.5964
9.5964
9.5964
9.5964
9.5964
9.5964
9.5964
9.5964
9.5964
9.5964
9.5964
9.5964
9.5964
9.5964
9.5964
9.5964
9.5964
9.5964
9.5964
9.5964
9.5964
9.5964
9.5964
9.5964
9.5964
9.5964
9.5964
9.5964
9.5964
9.5964
9.5964
9.5964
9.5964
9.5964
9.5964
9.5964
9.5964
9.5964
9.5964
9.5964
9.5964
9.5964
9.5964
9.5964
9.5964
9.5964
9.5964
9.5964
9.5964
9.5964
9.5964
9.5964
9.5964
9.5964
9.5964
9.5964
9.5964
9.5964
9.5964
9.5964
9.5964
9.5964
9.5964
9.5964
9.5964
9.5964
9.5964
9.5964
9.5964
9.5964
9.5964
9.5964
9.5964
9.5964
9.5964
9.5964
9.5964
9.5964
9.5964
9.5964
9.5964
9.5964
9.5964
9.5964
9.5964
9.5964
9.5964
9.5964
9.5964
9.5964
9.5964
9.5964
9.5964
9.5964
9.5964
9.5964
9.5964
9.5964
9.5964
9.5964
9.5964
9.5964
9.5964
9.5964
9.5964
9.5964
9.5964
9.5964
9.5964
9.5964
9.5964
9.5964
9.5964
9.5964
9.5964
9.5964
9.5964
9.5964
9.5964
9.5964
9.5964
9.5964
9.5964
9.5964
9.5964
9.5964
9.5964
9.5964
9.5964
9.5964
9.5964
9.5964
9.5964
9.5964
9.5964
9.5964
9.5964
9.5964
9.5964
9.5964
9.5964
9.5964
9.5964
9.5964
9.5964
9.5964
9.5964
9.5964
9.5964
9.5964
9.5964
9.5964
9.5964
9.5964
9.5964
9.5964
9.5964
9.5964
9.5964
9.5964
9.5964
9.5964
9.5964
9.5964
9.5964
9.5964
9.5964
9.5964
9.5964
9.5964
9.5964
9.5964
9.5964
9.5964
9.5964
9.5964
9.5964
9.5964
9.5964
9.5964
9.5964
9.5964
9.5964
9.5964
9.5964
9.5964
9.5964
9.5964
9.5964
9.5964
9.5964
9.5964
9.5964
9.5964
9.5964
9.5964
9.5964
9.5964
9.5964
9.5964
9.5964
9.5964
9.5964
9.5964
9.5964
9.5964
9.5964
9.5964
9.5964
9.5964
9.5964
9.5964
9.5964
9.5964
9.5964
9.5964
9.5964
9.5964
9.5964
9.5964
9.5964
9.5964
9.5964
9.5964
9.5964
9.5964
9.5964
9.5964
9.5964
9.5964
9.5964
9.5964
9.5964
9.5964
9.5964
9.5964
9.5964
9.5964
9.5964
9.5964
9.5964
9.5964
9.5964
9.5964
9.5964
9.5964
9.5964
9.5964
9.5964
9.5964
9.5964
9.5964
9.5964
9.5964
9.5964
9.5964
9.5964
9.5964
9.5964
9.5964
9.5964
9.5964
9.5964
9.5964
9.5964
9.5964
9.5964
9.5964
9.5964
9.5964
9.5964
9.5964
9.5964
9.5964
9.5964
9.5964
9.5964
9.5964
9.5964
9.5964
9.5964
9.5964
9.5964
9.5964
9.5964
9.5964
9.5964
9.5964
9.5964
9.5964
9.5964
9.5964
9.5964
9.5964
9.5964
9.5964
9.5964
9.5964
9.5964
9.5964
9.5964
9.5964
9.5964
9.5964
9.5964
9.5964
9.5964
9.5964
9.5964
9.5964
9.5964
9.5964
9.5964
9.5964
9.5964
9.5964
9.5964
9.5964
9.5964
9.5964
9.5964
9.5964
9.5964
9.5964
9.5964
9.5964
9.5964
9.5964
9.5964
9.5964
9.5964
9.5964
9.5964
9.5964
9.5964
9.5964
9.5964
9.5964
9.5964
9.5964
9.5964
9.5964
9.5964
9.5964
9.5964
9.5964
9.5964
9.5964
9.5964
9.5964
9.5964
9.5964
9.5964
9.5964
9.5964
9.5964
9.5964
9.5964
9.5964
9.5964
9.5964
9.5964
9.5964
9.5964
9.5964
9.5964
9.5964
9.5964
9.5964
9.5964
9.5964
9.5964
9.5964
9.5964
9.5964
9.5964
9.5964
9.5964
9.5964
9.5964
9.5964
9.5964
9.5964
9.5964
9.5964
9.5964
9.5964
9.5964
9.5964
9.5964
9.5964
9.5964
9.5964
9.5964
9.5964
9.5964
9.5964
9.5964
9.5964
9.5964
9.5964
9.5964
9.5964
9.5964
9.5964
9.5964
9.5964
9.5964
9.5964
9.5964
9.5964
9.5964
9.5964
9.5964
9.5964
9.5964
9.5964
9.5964
9.5964
9.5964
9.5964
9.5964
9.5964
9.5964
9.5964
9.5964
9.5964
9.5964
9.5964
9.5964
9.5964
9.5964
9.5964
9.5964
9.5964
9.5964
9.5964
9.5964
9.5964
9.5964
9.5964
9.5964
9.5964
9.5964
9.5964
9.5964
9.5964
9.5964
9.5964
9.5964
9.5964
9.5964
9.5964
9.5964
9.5964
9.5964
9.5964
9.5964
9.5964
9.5964
9.5964
9.5964
9.5964
9.5964
9.5964
9.5964
9.5964
9.5964
9.5964
9.5964
9.5964
9.5964
9.5964
9.5964
9.5964
9.5964
9.5964
9.5964
9.5964
9.5964
9.5964
9.5964
9.5964
9.5964
9.5964
9.5964
9.5964
9.5964
9.5964
9.5964
9.5964
9.5964
9.5964
9.5964
9.5964
9.5964
9.5964
9.5964
9.5964
9.5964
9.5964
9.5964
9.5964
9.5964
9.5964
9.5964
9.5964
9.5964
9.5964
9.5964
9.5964
9.5964
9.5964
9.5964
9.5964
9.5964
9.5964
9.5964
9.5964
9.5964
9.5964
9.5964
9.5964
9.5964
9.5964
9.5964
9.5964
9.5964
9.5964
9.5964
9.5964
9.5964
9.5964
9.5964
9.5964
9.5964
9.5964
9.5964
9.5964
9.5964
9.5964
9.5964
9.5964
9.5964
9.5964
9.5964
9.5964
9.5964
9.5964
9.5964
9.5964
9.5964
9.5964
9.5964
9.5964
9.5964
9.5964
9.5964
9.5964
9.5964
9.5964
9.5964
9.5964
9.5964
9.5964
9.5964
9.5964
9.5964
9.5964
9.5964
9.5964
9.5964
9.5964
9.5964
9.5964
9.5964
9.5964
9.5964
9.5964
9.5964
9.5964
9.5964
9.5964
9.5964
9.5964
9.5964
9.5964
9.5964
9.5964
9.5964
9.5964
9.5964
9.5964
9.5964
9.5964
9.5964
9.5964
9.5964
9.5964
9.5964
9.5964
9.5964
9.5964
9.5964
9.5964
9.5964
9.5964
9.5964
9.5964
9.5964
9.5964
9.5964
9.5964
9.5964
9.5964
9.5964
9.5964
9.5964
9.5964
9.5964
9.5964
9.5964
9.5964
9.5964
9.5964
9.5964
9.5964
9.5964
9.5964
9.5964
9.5964
9.5964
9.5964
9.5964
9.5964
9.5964
9.5964
9.5964
9.5964
9.5964
9.5964
9.5964
9.5964
9.5964
9.5964
9.5964
9.5964
9.5964
9.5964
9.5964
9.5964
9.5964
9.5964
9.5964
9.5964
9.5964
9.5964
9.5964
9.5964
9.5964
9.5964
9.5964
9.5964
9.5964
9.5964
9.5964
9.5964
9.5964
9.5964
9.5964
9.5964
9.5964
9.5964
9.5964
9.5964
9.5964
9.5964
9.5964
9.5964
9.5964
9.5964
9.5964
9.5964
9.5964
9.5964
9.5964
9.5964
9.5964
9.5964
9.5964
9.5964
9.5964
9.5964
9.5964
9.5964
9.5964
9.5964
9.5964
9.5964
9.5964
9.5964
9.5964
9.5964
9.5964
9.5964
9.5964
9.5964
9.5964
9.5964
9.5964
9.5964
9.5964
9.5964
9.5964
9.5964
9.5964
9.5964
9.5964
9.5964
9.5964
9.5964
9.5964
9.5964
9.5964
9.5964
9.5964
9.5964
9.5964
9.5964
9.5964
9.5964
9.5964
9.5964
9.5964
9.5964
9.5964
9.5964
9.5964
9.5964
9.5964
9.5964
9.5964
9.5964
9.5964
9.5964
9.5964
9.5964
9.5964
9.5964
9.5964
9.5964
9.5964
9.5964
9.5964
9.5964
9.5964
9.5964
9.5964
9.5964
9.5964
9.5964
9.5964
9.5964
9.5964
9.5964
9.5964
9.5964
9.5964
9.5964
9.5964
9.5964
9.5964
9.5964
9.5964
9.5964
9.5964
9.5964
9.5964
9.5964
9.5964
9.5964
9.5964
9.5964
9.5964
9.5964
9.5964
9.5964
9.5964
9.5964
9.5964
9.5964
9.5964
9.5964
9.5964
9.5964
9.5964
9.5964
9.5964
9.5964
9.5964
9.5964
9.5964
9.5964
9.5964
9.5964
9.5964
9.5964
9.5964
9.5964
9.5964
9.5964
9.5964
9.5964
9.5964
9.5964
9.5964
9.5964
9.5964
9.5964
9.5964
9.5964
9.5964
9.5964
9.5964
9.5964
9.5964
9.5964
9.5964
9.5964
9.5964
9.5964
9.5964
9.5964
9.5964
9.5964
9.5964
9.5964
9.5964
9.5964
9.5964
9.5964
9.5964
9.5964
9.5964
9.5964
9.5964
9.5964
9.5964
9.5964
9.5964
9.5964
9.5964
9.5964
9.5964
9.5964
9.5964
9.5964
9.5964
9.5964
9.5964
9.5964
9.5964
9.5964
9.5964
9.5964
9.5964
9.5964
9.5964
9.5964
9.5964
9.5964
9.5964
9.5964
9.5964
9.5964
9.5964
9.5964
9.5964
9.5964
9.5964
9.5964
9.5964
9.5964
9.5964
9.5964
9.5964
9.5964
9.5964
9.5964
9.5964
9.5964
9.5964
9.5964
9.5964
9.5964
9.5964
9.5964
9.5964
9.5964
9.5964
9.5964
9.5964
9.5964
9.5964
9.5964
9.5964
9.5964
9.5964
9.5964
9.5964
9.5964
9.5964
9.5964
9.5964
9.5964
9.5964
9.5964
9.5964
9.5964
9.5964
9.5964
9.5964
9.5964
9.5964
9.5964
9.5964
9.5964
9.5964
9.5964
9.5964
9.5964
9.5964
9.5964
9.5964
9.5964
9.5964
9.5964
9.5964
9.5964
9.5964
9.5964
9.5964
9.5964
9.5964
9.5964
9.5964
9.5964
9.5964
9.5964
9.5964
9.5964
9.5964
9.5964
9.5964
9.5964
9.5964
9.5964
9.5964
9.5964
9.5964
9.5964
9.5964
9.5964
9.5964
9.5964
9.5964
9.5964
9.5964
9.5964
9.5964
9.5964
9.5964
9.5964
9.5964
9.5964
9.5964
9.5964
9.5964
9.5964
9.5964
9.5964
9.5964
9.5964
9.5964
9.5964
9.5964
9.5964
9.5964
9.5964
9.5964
9.5964
9.5964
9.5964
9.5964
9.5964
9.5964
9.5964
9.5964
9.5964
9.5964
9.5964
9.5964
9.5964
9.5964
9.5964
9.5964
9.5964
9.5964
9.5964
9.5964
9.5964
9.5964
9.5964
9.5964
9.5964
9.5964
9.5964
9.5964
9.5964
9.5964
9.5964
9.5964
9.5964
9.5964
9.5964
9.5964
9.5964
9.5964
9.5964
9.5964
9.5964
9.5964
9.5964
9.5964
9.5964
9.5964
9.5964
9.5964
9.5964
9.5964
9.5964
9.5964
9.5964
9.5964
9.5964
9.5964
9.5964
9.5964
9.5964
9.5964
9.5964
9.5964
9.5964
9.5964
9.5964
9.5964
9.5964
9.5964
9.5964
9.5964
9.5964
9.5964
9.5964
9.5964
9.5964
9.5964
9.5964
9.5964
9.5964
9.5964
9.5964
9.5964
9.5964
9.5964
9.5964
9.5964
9.5964
9.5964
9.5964
9.5964
9.5964
9.5964
9.5964
9.5964
9.5964
9.5964
9.5964
9.5964
9.5964
9.5964
9.5964
9.5964
9.5964
9.5964
9.5964
9.5964
9.5964
9.5964
9.5964
9.5964
9.5964
9.5964
9.5964
9.5964
9.5964
9.5964
9.5964
9.5964
9.5964
9.5964
9.5964
9.5964
9.5964
9.5964
9.5964
9.5964
9.5964
9.5964
9.5964
9.5964
9.5964
9.5964
9.5964
9.5964
9.5964
9.5964
9.5964
9.5964
9.5964
9.5964
9.5964
9.5964
9.5964
9.5964
9.5964
9.5964
9.5964
9.5964
9.5964
9.5964
9.5964
9.5964
9.5964
9.5964
9.5964
9.5964
9.5964
9.5964
9.5964
9.5964
9.5964
9.5964
9.5964
9.5964
9.5964
9.5964
9.5964
9.5964
9.5964
9.5964
9.5964
9.5964
9.5964
9.5964
9.5964
9.5964
9.5964
9.5964
9.5964
9.5964
9.5964
9.5964
9.5964
9.5964
9.5964
9.5964
9.5964
9.5964
9.5964
9.5964
9.5964
9.5964
9.5964
9.5964
9.5964
9.5964
9.5964
9.5964
9.5964
9.5964
9.5964
9.5964
9.5964
9.5964
9.5964
9.5964
9.5964
9.5964
9.5964
9.5964
9.5964
9.5964
9.5964
9.5964
9.5964
9.5964
9.5964
9.5964
9.5964
9.5964
9.5964
9.5964
9.5964
9.5964
9.5964
9.5964
9.5964
9.5964
9.5964
9.5964
9.5964
9.5964
9.5964
9.5964
9.5964
9.5964
9.5964
9.5964
9.5964
9.5964
9.5964
9.5964
9.5964
9.5964
9.5964
9.5964
9.5964
9.5964
9.5964
9.5964
9.5964
9.5964
9.5964
9.5964
9.5964
9.5964
9.5964
9.5964
9.5964
9.5964
9.5964
9.5964
9.5964
9.5964
9.5964
9.5964
9.5964
9.5964
9.5964
9.5964
9.5964
9.5964
9.5964
9.5964
9.5964
9.5964
9.5964
9.5964
9.5964
9.5964
9.5964
9.5964
9.5964
9.5964
9.5964
9.5964
9.5964
9.5964
9.5964
9.5964
9.5964
9.5964
9.5964
9.5964
9.5964
9.5964
9.5964
9.5964
9.5964
9.5964
9.5964
9.5964
9.5964
9.5964
9.5964
9.5964
9.5964
9.5964
9.5964
9.5964
9.5964
9.5964
9.5964
9.5964
9.5964
9.5964
9.5964
9.5964
9.5964
9.5964
9.5964
9.5964
9.5964
9.5964
9.5964
9.5964
9.5964
9.5964
9.5964
9.5964
9.5964
9.5964
9.5964
9.5964
9.5964
9.5964
9.5964
9.5964
9.5964
9.5964
9.5964
9.5964
9.5964
9.5964
9.5964
9.5964
9.5964
9.5964
9.5964
9.5964
9.5964
9.5964
9.5964
9.5964
9.5964
9.5964
9.5964
9.5964
9.5964
9.5964
9.5964
9.5964
9.5964
9.5964
9.5964
9.5964
9.5964
9.5964
9.5964
9.5964
9.5964
9.5964
9.5964
9.5964
9.5964
9.5964
9.5964
9.5964
9.5964
9.5964
9.5964
9.5964
9.5964
9.5964
9.5964
9.5964
9.5964
9.5964
9.5964
9.5964
9.5964
9.5964
9.5964
9.5964
9.5964
9.5964
9.5964
9.5964
9.5964
9.5964
9.5964
9.5964
9.5964
9.5964
9.5964
9.5964
9.5964
9.5964
9.5964
9.5964
9.5964
9.5964
9.5964
9.5964
9.5964
9.5964
9.5964
9.5964
9.5964
9.5964
9.5964
9.5964
9.5964
9.5964
9.5964
9.5964
9.5964
9.5964
9.5964
9.5964
9.5964
9.5964
9.5964
9.5964
9.5964
9.5964
9.5964
9.5964
9.5964
9.5964
9.5964
9.5964
9.5964
9.5964
9.5964
9.5964
9.5964
9.5964
9.5964
9.5964
9.5964
9.5964
9.5964
9.5964
9.5964
9.5964
9.5964
9.5964
9.5964
9.5964
9.5964
9.5964
9.5964
9.5964
9.5964
9.5964
9.5964
9.5964
9.5964
9.5964
9.5964
9.5964
9.5964
9.5964
9.5964
9.5964
9.5964
9.5964
9.5964
9.5964
9.5964
9.5964
9.5964
9.5964
9.5964
9.5964
9.5964
9.5964
9.5964
9.5964
9.5964
9.5964
9.5964
9.5964
9.5964
9.5964
9.5964
9.5964
9.5964
9.5964
9.5964
9.5964
9.5964
9.5964
9.5964
9.5964
9.5964
9.5964
9.5964
9.5964
9.5964
9.5964
9.5964
9.5964
9.5964
9.5964
9.5964
9.5964
9.5964
9.5964
9.5964
9.5964
9.5964
9.5964
9.5964
9.5964
9.5964
9.5964
9.5964
9.5964
9.5964
9.5964
9.5964
9.5964
9.5964
9.5964
9.5964
9.5964
9.5964
9.5964
9.5964
9.5964
9.5964
9.5964
9.5964
9.5964
9.5964
9.5964
9.5964
9.5964
9.5964
9.5964
9.5964
9.5964
9.5964
9.5964
9.5964
9.5964
9.5964
9.5964
9.5964
9.5964
9.5964
9.5964
9.5964
9.5964
9.5964
9.5964
9.5964
9.5964
9.5964
9.5964
9.5964
9.5964
9.5964
9.5964
9.5964
9.5964
9.5964
9.5964
9.5964
9.5964
9.5964
9.5964
9.5964
9.5964
9.5964
9.5964
9.5964
9.5964
9.5964
9.5964
9.5964
9.5964
9.5964
9.5964
9.5964
9.5964
9.5964
9.5964
9.5964
9.5964
9.5964
9.5964
9.5964
9.5964
9.5964
9.5964
9.5964
9.5964
9.5964
9.5964
9.5964
9.5964
9.5964
9.5964
9.5964
9.5964
9.5964
9.5964
9.5964
9.5964
9.5964
9.5964
9.5964
9.5964
9.5964
9.5964
9.5964
9.5964
9.5964
9.5964
9.5964
9.5964
9.5964
9.5964
9.5964
9.5964
9.5964
9.5964
9.5964
9.5964
9.5964
9.5964
9.5964
9.5964
9.5964
9.5964
9.5964
9.5964
9.5964
9.5964
9.5964
9.5964
9.5964
9.5964
9.5964
9.5964
9.5964
9.5964
9.5964
9.5964
9.5964
9.5964
9.5964
9.5964
9.5964
9.5964
9.5964
9.5964
9.5964
9.5964
9.5964
9.5964
9.5964
9.5964
9.5964
9.5964
9.5964
9.5964
9.5964
9.5964
9.5964
9.5964
9.5964
9.5964
9.5964
9.5964
9.5964
9.5964
9.5964
9.5964
9.5964
9.5964
9.5964
9.5964
9.5964
9.5964
9.5964
9.5964
9.5964
9.5964
9.5964
9.5964
9.5964
9.5964
9.5964
9.5964
9.5964
9.5964
9.5964
9.5964
9.5964
9.5964
9.5964
9.5964
9.5964
9.5964
9.5964
9.5964
9.5964
9.5964
9.5964
9.5964
9.5964
9.5964
9.5964
9.5964
9.5964
9.5964
9.5964
9.5964
9.5964
9.5964
9.5964
9.5964
9.5964
9.5964
9.5964
9.5964
9.5964
9.5964
9.5964
9.5964
9.5964
9.5964
9.5964
9.5964
9.5964
9.5964
9.5964
9.5964
9.5964
9.5964
9.5964
9.5964
9.5964
9.5964
9.5964
9.5964
9.5964
9.5964
9.5964
9.5964
9.5964
9.5964
9.5964
9.5964
9.5964
9.5964
9.5964
9.5964
9.5964
9.5964
9.5964
9.5964
9.5964
9.5964
9.5964
9.5964
9.5964
9.5964
9.5964
9.5964
9.5964
9.5964
9.5964
9.5964
9.5964
9.5964
9.5964
9.5964
9.5964
9.5964
9.5964
9.5964
9.5964
9.5964
9.5964
9.5964
9.5964
9.5964
9.5964
9.5964
9.5964
9.5964
9.5964
9.5964
9.5964
9.5964
9.5964
9.5964
9.5964
9.5964
9.5964
9.5964
9.5964
9.5964
9.5964
9.5964
9.5964
9.5964
9.5964
9.5964
9.5964
9.5964
9.5964
9.5964
9.5964
9.5964
9.5964
9.5964
9.5964
9.5964
9.5964
9.5964
9.5964
9.5964
9.5964
9.5964
9.5964
9.5964
9.5964
9.5964
9.5964
9.5964
9.5964
9.5964
9.5964
9.5964
9.5964
9.5964
9.5964
9.5964
9.5964
9.5964
9.5964
9.5964
9.5964
9.5964
9.5964
9.5964
9.5964
9.5964
9.5964
9.5964
9.5964
9.5964
9.5964
9.5964
9.5964
9.5964
9.5964
9.5964
9.5964
9.5964
9.5964
9.5964
9.5964
9.5964
9.5964
9.5964
9.5964
9.5964
9.5964
9.5964
9.5964
9.5964
9.5964
9.5964
9.5964
9.5964
9.5964
9.5964
9.5964
9.5964
9.5964
9.5964
9.5964
9.5964
9.5964
9.5964
9.5964
9.5964
9.5964
9.5964
9.5964
9.5964
9.5964
9.5964
9.5964
9.5964
9.5964
9.5964
9.5964
9.5964
9.5964
9.5964
9.5964
9.5964
9.5964
9.5964
9.5964
9.5964
9.5964
9.5964
9.5964
9.5964
9.5964
9.5964
9.5964
9.5964
9.5964
9.5964
9.5964
9.5964
9.5964
9.5964
9.5964
9.5964
9.5964
9.5964
9.5964
9.5964
9.5964
9.5964
9.5964
9.5964
9.5964
9.5964
9.5964
9.5964
9.5964
9.5964
9.5964
9.5964
9.5964
9.5964
9.5964
9.5964
9.5964
9.5964
9.5964
9.5964
9.5964
9.5964
9.5964
9.5964
9.5964
9.5964
9.5964
9.5964
9.5964
9.5964
9.5964
9.5964
9.5964
9.5964
9.5964
9.5964
9.5964
9.5964
9.5964
9.5964
9.5964
9.5964
9.5964
9.5964
9.5964
9.5964
9.5964
9.5964
9.5964
9.5964
9.5964
9.5964
9.5964
9.5964
9.5964
9.5964
9.5964
9.5964
9.5964
9.5964
9.5964
9.5964
9.5964
9.5964
9.5964
9.5964
9.5964
9.5964
9.5964
9.5964
9.5964
9.5964
9.5964
9.5964
9.5964
9.5964
9.5964
9.5964
9.5964
9.5964
9.5964
9.5964
9.5964
9.5964
9.5964
9.5964
9.5964
9.5964
9.5964
9.5964
9.5964
9.5964
9.5964
9.5964
9.5964
9.5964
9.5964
9.5964
9.5964
9.5964
9.5964
9.5964
9.5964
9.5964
9.5964
9.5964
9.5964
9.5964
9.5964
9.5964
9.5964
9.5964
9.5964
9.5964
9.5964
9.5964
9.5964
9.5964
9.5964
9.5964
9.5964
9.5964
9.5964
9.5964
9.5964
9.5964
9.5964
9.5964
9.5964
9.5964
9.5964
9.5964
9.5964
9.5964
9.5964
9.5964
9.5964
9.5964
9.5964
9.5964
9.5964
9.5964
9.5964
9.5964
9.5964
9.5964
9.5964
9.5964
9.5964
9.5964
9.5964
9.5964
9.5964
9.5964
9.5964
9.5964
9.5964
9.5964
9.5964
9.5964
9.5964
9.5964
9.5964
9.5964
9.5964
9.5964
9.5964
9.5964
9.5964
9.5964
9.5964
9.5964
9.5964
9.5964
9.5964
9.5964
9.5964
9.5964
9.5964
9.5964
9.5964
9.5964
9.5964
9.5964
9.5964
9.5964
9.5964
9.5964
9.5964
9.5964
9.5964
9.5964
9.5964
9.5964
9.5964
9.5964
9.5964
9.5964
9.5964
9.5964
9.5964
9.5964
9.5964
9.5964
9.5964
9.5964
9.5964
9.5964
9.5964
9.5964
9.5964
9.5964
9.5964
9.5964
9.5964
9.5964
9.5964
9.5964
9.5964
9.5964
9.5964
9.5964
9.5964
9.5964
9.5964
9.5964
9.5964
9.5964
9.5964
9.5964
9.5964
9.5964
9.5964
9.5964
9.5964
9.5964
9.5964
9.5964
9.5964
9.5964
9.5964
9.5964
9.5964
9.5964
9.5964
9.5964
9.5964
9.5964
9.5964
9.5964
9.5964
9.5964
9.5964
9.5964
9.5964
9.5964
9.5964
9.5964
9.5964
9.5964
9.5964
9.5964
9.5964
9.5964
9.5964
9.5964
9.5964
9.5964
9.5964
9.5964
9.5964
9.5964
9.5964
9.5964
9.5964
9.5964
9.5964
9.5964
9.5964
9.5964
9.5964
9.5964
9.5964
9.5964
9.5964
9.5964
9.5964
9.5964
9.5964
9.5964
9.5964
9.5964
9.5964
9.5964
9.5964
9.5964
9.5964
9.5964
9.5964
9.5964
9.5964
9.5964
9.5964
9.5964
9.5964
9.5964
9.5964
9.5964
9.5964
9.5964
9.5964
9.5964
9.5964
9.5964
9.5964
9.5964
9.5964
9.5964
9.5964
9.5964
9.5964
9.5964
9.5964
9.5964
9.5964
9.5964
9.5964
9.5964
9.5964
9.5964
9.5964
9.5964
9.5964
9.5964
9.5964
9.5964
9.5964
9.5964
9.5964
9.5964
9.5964
9.5964
9.5964
9.5964
9.5964
9.5964
9.5964
9.5964
9.5964
9.5964
9.5964
9.5964
9.5964
9.5964
9.5964
9.5964
9.5964
9.5964
9.5964
9.5964
9.5964
9.5964
9.5964
9.5964
9.5964
9.5964
9.5964
9.5964
9.5964
9.5964
9.5964
9.5964
9.5964
9.5964
9.5964
9.5964
9.5964
9.5964
9.5964
9.5964
9.5964
9.5964
9.5964
9.5964
9.5964
9.5964
9.5964
9.5964
9.5964
9.5964
9.5964
9.5964
9.5964
9.5964
9.5964
9.5964
9.5964
9.5964
9.5964
9.5964
9.5964
9.5964
9.5964
9.5964
9.5964
9.5964
9.5964
9.5964
9.5964
9.5964
9.5964
9.5964
9.5964
9.5964
9.5964
9.5964
9.5964
9.5964
9.5964
9.5964
9.5964
9.5964
9.5964
9.5964
9.5964
9.5964
9.5964
9.5964
9.5964
9.5964
9.5964
9.5964
9.5964
9.5964
9.5964
9.5964
9.5964
9.5964
9.5964
9.5964
9.5964
9.5964
9.5964
9.5964
9.5964
9.5964
9.5964
9.5964
9.5964
9.5964
9.5964
9.5964
9.5964
9.5964
9.5964
9.5964
9.5964
9.5964
9.5964
9.5964
9.5964
9.5964
9.5964
9.5964
9.5964
9.5964
9.5964
9.5964
9.5964
9.5964
9.5964
9.5964
9.5964
9.5964
9.5964
9.5964
9.5964
9.5964
9.5964
9.5964
9.5964
9.5964
9.5964
9.5964
9.5964
9.5964
9.5964
9.5964
9.5964
9.5964
9.5964
9.5964
9.5964
9.5964
9.5964
9.5964
9.5964
9.5964
9.5964
9.5964
9.5964
9.5964
9.5964
9.5964
9.5964
9.5964
9.5964
9.5964
9.5964
9.5964
9.5964
9.5964
9.5964
9.5964
9.5964
9.5964
9.5964
9.5964
9.5964
9.5964
9.5964
9.5964
9.5964
9.5964
9.5964
9.5964
9.5964
9.5964
9.5964
9.5964
9.5964
9.5964
9.5964
9.5964
9.5964
9.5964
9.5964
9.5964
9.5964
9.5964
9.5964
9.5964
9.5964
9.5964
9.5964
9.5964
9.5964
9.5964
9.5964
9.5964
9.5964
9.5964
9.5964
9.5964
9.5964
9.5964
9.5964
9.5964
9.5964
9.5964
9.5964
9.5964
9.5964
9.5964
9.5964
9.5964
9.5964
9.5964
9.5964
9.5964
9.5964
9.5964
9.5964
9.5964
9.5964
9.5964
9.5964
9.5964
9.5964
9.5964
9.5964
9.5964
9.5964
9.5964
9.5964
9.5964
9.5964
9.5964
9.5964
9.5964
9.5964
9.5964
9.5964
9.5964
9.5964
9.5964
9.5964
9.5964
9.5964
9.5964
9.5964
9.5964
9.5964
9.5964
9.5964
9.5964
9.5964
9.5964
9.5964
9.5964
9.5964
9.5964
9.5964
9.5964
9.5964
9.5964
9.5964
9.5964
9.5964
9.5964
9.5964
9.5964
9.5964
9.5964
9.5964
9.5964
9.5964
9.5964
9.5964
9.5964
9.5964
9.5964
9.5964
9.5964
9.5964
9.5964
9.5964
9.5964
9.5964
9.5964
9.5964
9.5964
9.5964
9.5964
9.5964
9.5964
9.5964
9.5964
9.5964
9.5964
9.5964
9.5964
9.5964
9.5964
9.5964
9.5964
9.5964
9.5964
9.5964
9.5964
9.5964
9.5964
9.5964
9.5964
9.5964
9.5964
9.5964
9.5964
9.5964
9.5964
9.5964
9.5964
9.5964
9.5964
9.5964
9.5964
9.5964
9.5964
9.5964
9.5964
9.5964
9.5964
9.5964
9.5964
9.5964
9.5964
9.5964
9.5964
9.5964
9.5964
9.5964
9.5964
9.5964
9.5964
9.5964
9.5964
9.5964
9.5964
9.5964
9.5964
9.5964
9.5964
9.5964
9.5964
9.5964
9.5964
9.5964
9.5964
9.5964
9.5964
9.5964
9.5964
9.5964
9.5964
9.5964
9.5964
9.5964
9.5964
9.5964
9.5964
9.5964
9.5964
9.5964
9.5964
9.5964
9.5964
9.5964
9.5964
9.5964
9.5964
9.5964
9.5964
9.5964
9.5964
9.5964
9.5964
9.5964
9.5964
9.5964
9.5964
9.5964
9.5964
9.5964
9.5964
9.5964
9.5964
9.5964
9.5964
9.5964
9.5964
9.5964
9.5964
9.5964
9.5964
9.5964
9.5964
9.5964
9.5964
9.5964
9.5964
9.5964
9.5964
9.5964
9.5964
9.5964
9.5964
9.5964
9.5964
9.5964
9.5964
9.5964
9.5964
9.5964
9.5964
9.5964
9.5964
9.5964
9.5964
9.5964
9.5964
9.5964
9.5964
9.5964
9.5964
9.5964
9.5964
9.5964
9.5964
9.5964
9.5964
9.5964
9.5964
9.5964
9.5964
9.5964
9.5964
9.5964
9.5964
9.5964
9.5964
9.5964
9.5964
9.5964
9.5964
9.5964
9.5964
9.5964
9.5964
9.5964
9.5964
9.5964
9.5964
9.5964
9.5964
9.5964
9.5964
9.5964
9.5964
9.5964
9.5964
9.5964
9.5964
9.5964
9.5964
9.5964
9.5964
9.5964
9.5964
9.5964
9.5964
9.5964
9.5964
9.5964
9.5964
9.5964
9.5964
9.5964
9.5964
9.5964
9.5964
9.5964
9.5964
9.5964
9.5964
9.5964
9.5964
9.5964
9.5964
9.5964
9.5964
9.5964
9.5964
9.5964
9.5964
9.5964
9.5964
9.5964
9.5964
9.5964
9.5964
9.5964
9.5964
9.5964
9.5964
9.5964
9.5964
9.5964
9.5964
9.5964
9.5964
9.5964
9.5964
9.5964
9.5964
9.5964
9.5964
9.5964
9.5964
9.5964
9.5964
9.5964
9.5964
9.5964
9.5964
9.5964
9.5964
9.5964
9.5964
9.5964
9.5964
9.5964
9.5964
9.5964
9.5964
9.5964
9.5964
9.5964
9.5964
9.5964
9.5964
9.5964
9.5964
9.5964
9.5964
9.5964
9.5964
9.5964
9.5964
9.5964
9.5964
9.5964
9.5964
9.5964
9.5964
9.5964
9.5964
9.5964
9.5964
9.5964
9.5964
9.5964
9.5964
9.5964
9.5964
9.5964
9.5964
9.5964
9.5964
9.5964
9.5964
9.5964
9.5964
9.5964
9.5964
9.5964
9.5964
9.5964
9.5964
9.5964
9.5964
9.5964
9.5964
9.5964
9.5964
9.5964
9.5964
9.5964
9.5964
9.5964
9.5964
9.5964
9.5964
9.5964
9.5964
9.5964
9.5964
9.5964
9.5964
9.5964
9.5964
9.5964
9.5964
9.5964
9.5964
9.5964
9.5964
9.5964
9.5964
9.5964
9.5964
9.5964
9.5964
9.5964
9.5964
9.5964
9.5964
9.5964
9.5964
9.5964
9.5964
9.5964
9.5964
9.5964
9.5964
9.5964
9.5964
9.5964
9.5964
9.5964
9.5964
9.5964
9.5964
9.5964
9.5964
9.5964
9.5964
9.5964
9.5964
9.5964
9.5964
9.5964
9.5964
9.5964
9.5964
9.5964
9.5964
9.5964
9.5964
9.5964
9.5964
9.5964
9.5964
9.5964
9.5964
9.5964
9.5964
9.5964
9.5964
9.5964
9.5964
9.5964
9.5964
9.5964
9.5964
9.5964
9.5964
9.5964
9.5964
9.5964
9.5964
9.5964
9.5964
9.5964
9.5964
9.5964
9.5964
9.5964
9.5964
9.5964
9.5964
9.5964
9.5964
9.5964
9.5964
9.5964
9.5964
9.5964
9.5964
9.5964
9.5964
9.5964
9.5964
9.5964
9.5964
9.5964
9.5964
9.5964
9.5964
9.5964
9.5964
9.5964
9.5964
9.5964
9.5964
9.5964
9.5964
9.5964
9.5964
9.5964
9.5964
9.5964
9.5964
9.5964
9.5964
9.5964
9.5964
9.5964
9.5964
9.5964
9.5964
9.5964
9.5964
9.5964
9.5964
9.5964
9.5964
9.5964
9.5964
9.5964
9.5964
9.5964
9.5964
9.5964
9.5964
9.5964
9.5964
9.5964
9.5964
9.5964
9.5964
9.5964
9.5964
9.5964
9.5964
9.5964
9.5964
9.5964
9.5964
9.5964
9.5964
9.5964
9.5964
9.5964
9.5964
9.5964
9.5964
9.5964
9.5964
9.5964
9.5964
9.5964
9.5964
9.5964
9.5964
9.5964
9.5964
9.5964
9.5964
9.5964
9.5964
9.5964
9.5964
9.5964
9.5964
9.5964
9.5964
9.5964
9.5964
9.5964
9.5964
9.5964
9.5964
9.5964
9.5964
9.5964
9.5964
9.5964
9.5964
9.5964
9.5964
9.5964
9.5964
9.5964
9.5964
9.5964
9.5964
9.5964
9.5964
9.5964
9.5964
9.5964
9.5964
9.5964
9.5964
9.5964
9.5964
9.5964
9.5964
9.5964
9.5964
9.5964
9.5964
9.5964
9.5964
9.5964
9.5964
9.5964
9.5964
9.5964
9.5964
9.5964
9.5964
9.5964
9.5964
9.5964
9.5964
9.5964
9.5964
9.5964
9.5964
9.5964
9.5964
9.5964
9.5964
9.5964
9.5964
9.5964
9.5964
9.5964
9.5964
9.5964
9.5964
9.5964
9.5964
9.5964
9.5964
9.5964
9.5964
9.5964
9.5964
9.5964
9.5964
9.5964
9.5964
9.5964
9.5964
9.5964
9.5964
9.5964
9.5964
9.5964
9.5964
9.5964
9.5964
9.5964
9.5964
9.5964
9.5964
9.5964
9.5964
9.5964
9.5964
9.5964
9.5964
9.5964
9.5964
9.5964
9.5964
9.5964
9.5964
9.5964
9.5964
9.5964
9.5964
9.5964
9.5964
9.5964
9.5964
9.5964
9.5964
9.5964
9.5964
9.5964
9.5964
9.5964
9.5964
9.5964
9.5964
9.5964
9.5964
9.5964
9.5964
9.5964
9.5964
9.5964
9.5964
9.5964
9.5964
9.5964
9.5964
9.5964
9.5964
9.5964
9.5964
9.5964
9.5964
9.5964
9.5964
9.5964
9.5964
9.5964
9.5964
9.5964
9.5964
9.5964
9.5964
9.5964
9.5964
9.5964
9.5964
9.5964
9.5964
9.5964
9.5964
9.5964
9.5964
9.5964
9.5964
9.5964
9.5964
9.5964
9.5964
9.5964
9.5964
9.5964
9.5964
9.5964
9.5964
9.5964
9.5964
9.5964
9.5964
9.5964
9.5964
9.5964
9.5964
9.5964
9.5964
9.5964
9.5964
9.5964
9.5964
9.5964
9.5964
9.5964
9.5964
9.5964
9.5964
9.5964
9.5964
9.5964
9.5964
9.5964
9.5964
9.5964
9.5964
9.5964
9.5964
9.5964
9.5964
9.5964
9.5964
9.5964
9.5964
9.5964
9.5964
9.5964
9.5964
9.5964
9.5964
9.5964
9.5964
9.5964
9.5964
9.5964
9.5964
9.5964
9.5964
9.5964
9.5964
9.5964
9.5964
9.5964
9.5964
9.5964
9.5964
9.5964
9.5964
9.5964
9.5964
9.5964
9.5964
9.5964
9.5964
9.5964
9.5964
9.5964
9.5964
9.5964
9.5964
9.5964
9.5964
9.5964
9.5964
9.5964
9.5964
9.5964
9.5964
9.5964
9.5964
9.5964
9.5964
9.5964
9.5964
9.5964
9.5964
9.5964
9.5964
9.5964
9.5964
9.5964
9.5964
9.5964
9.5964
9.5964
9.5964
9.5964
9.5964
9.5964
9.5964
9.5964
9.5964
9.5964
9.5964
9.5964
9.5964
9.5964
9.5964
9.5964
9.5964
9.5964
9.5964
9.5964
9.5964
9.5964
9.5964
9.5964
9.5964
9.5964
9.5964
9.5964
9.5964
9.5964
9.5964
9.5964
9.5964
9.5964
9.5964
9.5964
9.5964
9.5964
9.5964
9.5964
9.5964
9.5964
9.5964
9.5964
9.5964
9.5964
9.5964
9.5964
9.5964
9.5964
9.5964
9.5964
9.5964
9.5964
9.5964
9.5964
9.5964
9.5964
9.5964
9.5964
9.5964
9.5964
9.5964
9.5964
9.5964
9.5964
9.5964
9.5964
9.5964
9.5964
9.5964
9.5964
9.5964
9.5964
9.5964
9.5964
9.5964
9.5964
9.5964
9.5964
9.5964
9.5964
9.5964
9.5964
9.5964
9.5964
9.5964
9.5964
9.5964
9.5964
9.5964
9.5964
9.5964
9.5964
9.5964
9.5964
9.5964
9.5964
9.5964
9.5964
9.5964
9.5964
9.5964
9.5964
9.5964
9.5964
9.5964
9.5964
9.5964
9.5964
9.5964
9.5964
9.5964
9.5964
9.5964
9.5964
9.5964
9.5964
9.5964
9.5964
9.5964
9.5964
9.5964
9.5964
9.5964
9.5964
9.5964
9.5964
9.5964
9.5964
9.5964
9.5964
9.5964
9.5964
9.5964
9.5964
9.5964
9.5964
9.5964
9.5964
9.5964
9.5964
9.5964
9.5964
9.5964
9.5964
9.5964
9.5964
9.5964
9.5964
9.5964
9.5964
9.5964
9.5964
9.5964
9.5964
9.5964
9.5964
9.5964
9.5964
9.5964
9.5964
9.5964
9.5964
9.5964
9.5964
9.5964
9.5964
9.5964
9.5964
9.5964
9.5964
9.5964
9.5964
9.5964
9.5964
9.5964
9.5964
9.5964
9.5964
9.5964
9.5964
9.5964
9.5964
9.5964
9.5964
9.5964
9.5964
9.5964
9.5964
9.5964
9.5964
9.5964
9.5964
9.5964
9.5964
9.5964
9.5964
9.5964
9.5964
9.5964
9.5964
9.5964
9.5964
9.5964
9.5964
9.5964
9.5964
9.5964
9.5964
9.5964
9.5964
9.5964
9.5964
9.5964
9.5964
9.5964
9.5964
9.5964
9.5964
9.5964
9.5964
9.5964
9.5964
9.5964
9.5964
9.5964
9.5964
9.5964
9.5964
9.5964
9.5964
9.5964
9.5964
9.5964
9.5964
9.5964
9.5964
9.5964
9.5964
9.5964
9.5964
9.5964
9.5964
9.5964
9.5964
9.5964
9.5964
9.5964
9.5964
9.5964
9.5964
9.5964
9.5964
9.5964
9.5964
9.5964
9.5964
9.5964
9.5964
9.5964
9.5964
9.5964
9.5964
9.5964
9.5964
9.5964
9.5964
9.5964
9.5964
9.5964
9.5964
9.5964
9.5964
9.5964
9.5964
9.5964
9.5964
9.5964
9.5964
9.5964
9.5964
9.5964
9.5964
9.5964
9.5964
9.5964
9.5964
9.5964
9.5964
9.5964
9.5964
9.5964
9.5964
9.5964
9.5964
9.5964
9.5964
9.5964
9.5964
9.5964
9.5964
9.5964
9.5964
9.5964
9.5964
9.5964
9.5964
9.5964
9.5964
9.5964
9.5964
9.5964
9.5964
9.5964
9.5964
9.5964
9.5964
9.5964
9.5964
9.5964
9.5964
9.5964
9.5964
9.5964
9.5964
9.5964
9.5964
9.5964
9.5964
9.5964
9.5964
9.5964
9.5964
9.5964
9.5964
9.5964
9.5964
9.5964
9.5964
9.5964
9.5964
9.5964
9.5964
9.5964
9.5964
9.5964
9.5964
9.5964
9.5964
9.5964
9.5964
9.5964
9.5964
9.5964
9.5964
9.5964
9.5964
9.5964
9.5964
9.5964
9.5964
9.5964
9.5964
9.5964
9.5964
9.5964
9.5964
9.5964
9.5964
9.5964
9.5964
9.5964
9.5964
9.5964
9.5964
9.5964
9.5964
9.5964
9.5964
9.5964
9.5964
9.5964
9.5964
9.5964
9.5964
9.5964
9.5964
9.5964
9.5964
9.5964
9.5964
9.5964
9.5964
9.5964
9.5964
9.5964
9.5964
9.5964
9.5964
9.5964
9.5964
9.5964
9.5964
9.5964
9.5964
9.5964
9.5964
9.5964
9.5964
9.5964
9.5964
9.5964
9.5964
9.5964
9.5964
9.5964
9.5964
9.5964
9.5964
9.5964
9.5964
9.5964
9.5964
9.5964
9.5964
9.5964
9.5964
9.5964
9.5964
9.5964
9.5964
9.5964
9.5964
9.5964
9.5964
9.5964
9.5964
9.5964
9.5964
9.5964
9.5964
9.5964
9.5964
9.5964
9.5964
9.5964
9.5964
9.5964
9.5964
9.5964
9.5964
9.5964
9.5964
9.5964
9.5964
9.5964
9.5964
9.5964
9.5964
9.5964
9.5964
9.5964
9.5964
9.5964
9.5964
9.5964
9.5964
9.5964
9.5964
9.5964
9.5964
9.5964
9.5964
9.5964
9.5964
9.5964
9.5964
9.5964
9.5964
9.5964
9.5964
9.5964
9.5964
9.5964
9.5964
9.5964
9.5964
9.5964
9.5964
9.5964
9.5964
9.5964
9.5964
9.5964
9.5964
9.5964
9.5964
9.5964
9.5964
9.5964
9.5964
9.5964
9.5964
9.5964
9.5964
9.5964
9.5964
9.5964
9.5964
9.5964
9.5964
9.5964
9.5964
9.5964
9.5964
9.5964
9.5964
9.5964
9.5964
9.5964
9.5964
9.5964
9.5964
9.5964
9.5964
9.5964
9.5964
9.5964
9.5964
9.5964
9.5964
9.5964
9.5964
9.5964
9.5964
9.5964
9.5964
9.5964
9.5964
9.5964
9.5964
9.5964
9.5964
9.5964
9.5964
9.5964
9.5964
9.5964
9.5964
9.5964
9.5964
9.5964
9.5964
9.5964
9.5964
9.5964
9.5964
9.5964
9.5964
9.5964
9.5964
9.5964
9.5964
9.5964
9.5964
9.5964
9.5964
9.5964
9.5964
9.5964
9.5964
9.5964
9.5964
9.5964
9.5964
9.5964
9.5964
9.5964
9.5964
9.5964
9.5964
9.5964
9.5964
9.5964
9.5964
9.5964
9.5964
9.5964
9.5964
9.5964
9.5964
9.5964
9.5964
9.5964
9.5964
9.5964
9.5964
9.5964
9.5964
9.5964
9.5964
9.5964
9.5964
9.5964
9.5964
9.5964
9.5964
9.5964
9.5964
9.5964
9.5964
9.5964
9.5964
9.5964
9.5964
9.5964
9.5964
9.5964
9.5964
9.5964
9.5964
9.5964
9.5964
9.5964
9.5964
9.5964
9.5964
9.5964
9.5964
9.5964
9.5964
9.5964
9.5964
9.5964
9.5964
9.5964
9.5964
9.5964
9.5964
9.5964
9.5964
9.5964
9.5964
9.5964
9.5964
9.5964
9.5964
9.5964
9.5964
9.5964
9.5964
9.5964
9.5964
9.5964
9.5964
9.5964
9.5964
9.5964
9.5964
9.5964
9.5964
9.5964
9.5964
9.5964
9.5964
9.5964
9.5964
9.5964
9.5964
9.5964
9.5964
9.5964
9.5964
9.5964
9.5964
9.5964
9.5964
9.5964
9.5964
9.5964
9.5964
9.5964
9.5964
9.5964
9.5964
9.5964
9.5964
9.5964
9.5964
9.5964
9.5964
9.5964
9.5964
9.5964
9.5964
9.5964
9.5964
9.5964
9.5964
9.5964
9.5964
9.5964
9.5964
9.5964
9.5964
9.5964
9.5964
9.5964
9.5964
9.5964
9.5964
9.5964
9.5964
9.5964
9.5964
9.5964
9.5964
9.5964
9.5964
9.5964
9.5964
9.5964
9.5964
9.5964
9.5964
9.5964
9.5964
9.5964
9.5964
9.5964
9.5964
9.5964
9.5964
9.5964
9.5964
9.5964
9.5964
9.5964
9.5964
9.5964
9.5964
9.5964
9.5964
9.5964
9.5964
9.5964
9.5964
9.5964
9.5964
9.5964
9.5964
9.5964
9.5964
9.5964
9.5964
9.5964
9.5964
9.5964
9.5964
9.5964
9.5964
9.5964
9.5964
9.5964
9.5964
9.5964
9.5964
9.5964
9.5964
9.5964
9.5964
9.5964
9.5964
9.5964
9.5964
9.5964
9.5964
9.5964
9.5964
9.5964
9.5964
9.5964
9.5964
9.5964
9.5964
9.5964
9.5964
9.5964
9.5964
9.5964
9.5964
9.5964
9.5964
9.5964
9.5964
9.5964
9.5964
9.5964
9.5964
9.5964
9.5964
9.5964
9.5964
9.5964
9.5964
9.5964
9.5964
9.5964
9.5964
9.5964
9.5964
9.5964
9.5964
9.5964
9.5964
9.5964
9.5964
9.5964
9.5964
9.5964
9.5964
9.5964
9.5964
9.5964
9.5964
9.5964
9.5964
9.5964
9.5964
9.5964
9.5964
9.5964
9.5964
9.5964
9.5964
9.5964
9.5964
9.5964
9.5964
9.5964
9.5964
9.5964
9.5964
9.5964
9.5964
9.5964
9.5964
9.5964
9.5964
9.5964
9.5964
9.5964
9.5964
9.5964
9.5964
9.5964
9.5964
9.5964
9.5964
9.5964
9.5964
9.5964
9.5964
9.5964
9.5964
9.5964
9.5964
9.5964
9.5964
9.5964
9.5964
9.5964
9.5964
9.5964
9.5964
9.5964
9.5964
9.5964
9.5964
9.5964
9.5964
9.5964
9.5964
9.5964
9.5964
9.5964
9.5964
9.5964
9.5964
9.5964
9.5964
9.5964
9.5964
9.5964
9.5964
9.5964
9.5964
9.5964
9.5964
9.5964
9.5964
9.5964
9.5964
9.5964
9.5964
9.5964
9.5964
9.5964
9.5964
9.5964
9.5964
9.5964
9.5964
9.5964
9.5964
9.5964
9.5964
9.5964
9.5964
9.5964
9.5964
9.5964
9.5964
9.5964
9.5964
9.5964
9.5964
9.5964
9.5964
9.5964
9.5964
9.5964
9.5964
9.5964
9.5964
9.5964
9.5964
9.5964
9.5964
9.5964
9.5964
9.5964
9.5964
9.5964
9.5964
9.5964
9.5964
9.5964
9.5964
9.5964
9.5964
9.5964
9.5964
9.5964
9.5964
9.5964
9.5964
9.5964
9.5964
9.5964
9.5964
9.5964
9.5964
9.5964
9.5964
9.5964
9.5964
9.5964
9.5964
9.5964
9.5964
9.5964
9.5964
9.5964
9.5964
9.5964
9.5964
9.5964
9.5964
9.5964
9.5964
9.5964
9.5964
9.5964
9.5964
9.5964
9.5964
9.5964
9.5964
9.5964
9.5964
9.5964
9.5964
9.5964
9.5964
9.5964
9.5964
9.5964
9.5964
9.5964
9.5964
9.5964
9.5964
9.5964
9.5964
9.5964
9.5964
9.5964
9.5964
9.5964
9.5964
9.5964
9.5964
9.5964
9.5964
9.5964
9.5964
9.5964
9.5964
9.5964
9.5964
9.5964
9.5964
9.5964
9.5964
9.5964
9.5964
9.5964
9.5964
9.5964
9.5964
9.5964
9.5964
9.5964
9.5964
9.5964
9.5964
9.5964
9.5964
9.5964
9.5964
9.5964
9.5964
9.5964
9.5964
9.5964
9.5964
9.5964
9.5964
9.5964
9.5964
9.5964
9.5964
9.5964
9.5964
9.5964
9.5964
9.5964
9.5964
9.5964
9.5964
9.5964
9.5964
9.5964
9.5964
9.5964
9.5964
9.5964
9.5964
9.5964
9.5964
9.5964
9.5964
9.5964
9.5964
9.5964
9.5964
9.5964
9.5964
9.5964
9.5964
9.5964
9.5964
9.5964
9.5964
9.5964
9.5964
9.5964
9.5964
9.5964
9.5964
9.5964
9.5964
9.5964
9.5964
9.5964
9.5964
9.5964
9.5964
9.5964
9.5964
9.5964
9.5964
9.5964
9.5964
9.5964
9.5964
9.5964
9.5964
9.5964
9.5964
9.5964
9.5964
9.5964
9.5964
9.5964
9.5964
9.5964
9.5964
9.5964
9.5964
9.5964
9.5964
9.5964
9.5964
9.5964
9.5964
9.5964
9.5964
9.5964
9.5964
9.5964
9.5964
9.5964
9.5964
9.5964
9.5964
9.5964
9.5964
9.5964
9.5964
9.5964
9.5964
9.5964
9.5964
9.5964
9.5964
9.5964
9.5964
9.5964
9.5964
9.5964
9.5964
9.5964
9.5964
9.5964
9.5964
9.5964
9.5964
9.5964
9.5964
9.5964
9.5964
9.5964
9.5964
9.5964
9.5964
9.5964
9.5964
9.5964
9.5964
9.5964
9.5964
9.5964
9.5964
9.5964
9.5964
9.5964
9.5964
9.5964
9.5964
9.5964
9.5964
9.5964
9.5964
9.5964
9.5964
9.5964
9.5964
9.5964
9.5964
9.5964
9.5964
9.5964
9.5964
9.5964
9.5964
9.5964
9.5964
9.5964
9.5964
9.5964
9.5964
9.5964
9.5964
9.5964
9.5964
9.5964
9.5964
9.5964
9.5964
9.5964
9.5964
9.5964
9.5964
9.5964
9.5964
9.5964
9.5964
9.5964
9.5964
9.5964
9.5964
9.5964
9.5964
9.5964
9.5964
9.5964
9.5964
9.5964
9.5964
9.5964
9.5964
9.5964
9.5964
9.5964
9.5964
9.5964
9.5964
9.5964
9.5964
9.5964
9.5964
9.5964
9.5964
9.5964
9.5964
9.5964
9.5964
9.5964
9.5964
9.5964
9.5964
9.5964
9.5964
9.5964
9.5964
9.5964
9.5964
9.5964
9.5964
9.5964
9.5964
9.5964
9.5964
9.5964
9.5964
9.5964
9.5964
9.5964
9.5964
9.5964
9.5964
9.5964
9.5964
9.5964
9.5964
9.5964
9.5964
9.5964
9.5964
9.5964
9.5964
9.5964
9.5964
9.5964
9.5964
9.5964
9.5964
9.5964
9.5964
9.5964
9.5964
9.5964
9.5964
9.5964
9.5964
9.5964
9.5964
9.5964
9.5964
9.5964
9.5964
9.5964
9.5964
9.5964
9.5964
9.5964
9.5964
9.5964
9.5964
9.5964
9.5964
9.5964
9.5964
9.5964
9.5964
9.5964
9.5964
9.5964
9.5964
9.5964
9.5964
9.5964
9.5964
9.5964
9.5964
9.5964
9.5964
9.5964
9.5964
9.5964
9.5964
9.5964
9.5964
9.5964
9.5964
9.5964
9.5964
9.5964
9.5964
9.5964
9.5964
9.5964
9.5964
9.5964
9.5964
9.5964
9.5964
9.5964
9.5964
9.5964
9.5964
9.5964
9.5964
9.5964
9.5964
9.5964
9.5964
9.5964
9.5964
9.5964
9.5964
9.5964
9.5964
9.5964
9.5964
9.5964
9.5964
9.5964
9.5964
9.5964
9.5964
9.5964
9.5964
9.5964
9.5964
9.5964
9.5964
9.5964
9.5964
9.5964
9.5964
9.5964
9.5964
9.5964
9.5964
9.5964
9.5964
9.5964
9.5964
9.5964
9.5964
9.5964
9.5964
9.5964
9.5964
9.5964
9.5964
9.5964
9.5964
9.5964
9.5964
9.5964
9.5964
9.5964
9.5964
9.5964
9.5964
9.5964
9.5964
9.5964
9.5964
9.5964
9.5964
9.5964
9.5964
9.5964
9.5964
9.5964
9.5964
9.5964
9.5964
9.5964
9.5964
9.5964
9.5964
9.5964
9.5964
9.5964
9.5964
9.5964
9.5964
9.5964
9.5964
9.5964
9.5964
9.5964
9.5964
9.5964
9.5964
9.5964
9.5964
9.5964
9.5964
9.5964
9.5964
9.5964
9.5964
9.5964
9.5964
9.5964
9.5964
9.5964
9.5964
9.5964
9.5964
9.5964
9.5964
9.5964
9.5964
9.5964
9.5964
9.5964
9.5964
9.5964
9.5964
9.5964
9.5964
9.5964
9.5964
9.5964
9.5964
9.5964
9.5964
9.5964
9.5964
9.5964
9.5964
9.5964
9.5964
9.5964
9.5964
9.5964
9.5964
9.5964
9.5964
9.5964
9.5964
9.5964
9.5964
9.5964
9.5964
9.5964
9.5964
9.5964
9.5964
9.5964
9.5964
9.5964
9.5964
9.5964
9.5964
9.5964
9.5964
9.5964
9.5964
9.5964
9.5964
9.5964
9.5964
9.5964
9.5964
9.5964
9.5964
9.5964
9.5964
9.5964
9.5964
9.5964
9.5964
9.5964
9.5964
9.5964
9.5964
9.5964
9.5964
9.5964
9.5964
9.5964
9.5964
9.5964
9.5964
9.5964
9.5964
9.5964
9.5964
9.5964
9.5964
9.5964
9.5964
9.5964
9.5964
9.5964
9.5964
9.5964
9.5964
9.5964
9.5964
9.5964
9.5964
9.5964
9.5964
9.5964
9.5964
9.5964
9.5964
9.5964
9.5964
9.5964
9.5964
9.5964
9.5964
9.5964
9.5964
9.5964
9.5964
9.5964
9.5964
9.5964
9.5964
9.5964
9.5964
9.5964
9.5964
9.5964
9.5964
9.5964
9.5964
9.5964
9.5964
9.5964
9.5964
9.5964
9.5964
9.5964
9.5964
9.5964
9.5964
9.5964
9.5964
9.5964
9.5964
9.5964
9.5964
9.5964
9.5964
9.5964
9.5964
9.5964
9.5964
9.5964
9.5964
9.5964
9.5964
9.5964
9.5964
9.5964
9.5964
9.5964
9.5964
9.5964
9.5964
9.5964
9.5964
9.5964
9.5964
9.5964
9.5964
9.5964
9.5964
9.5964
9.5964
9.5964
9.5964
9.5964
9.5964
9.5964
9.5964
9.5964
9.5964
9.5964
9.5964
9.5964
9.5964
9.5964
9.5964
9.5964
9.5964
9.5964
9.5964
9.5964
9.5964
9.5964
9.5964
9.5964
9.5964
9.5964
9.5964
9.5964
9.5964
9.5964
9.5964
9.5964
9.5964
9.5964
9.5964
9.5964
9.5964
9.5964
9.5964
9.5964
9.5964
9.5964
9.5964
9.5964
9.5964
9.5964
9.5964
9.5964
9.5964
9.5964
9.5964
9.5964
9.5964
9.5964
9.5964
9.5964
9.5964
9.5964
9.5964
9.5964
9.5964
9.5964
9.5964
9.5964
9.5964
9.5964
9.5964
9.5964
9.5964
9.5964
9.5964
9.5964
9.5964
9.5964
9.5964
9.5964
9.5964
9.5964
9.5964
9.5964
9.5964
9.5964
9.5964
9.5964
9.5964
9.5964
9.5964
9.5964
9.5964
9.5964
9.5964
9.5964
9.5964
9.5964
9.5964
9.5964
9.5964
9.5964
9.5964
9.5964
9.5964
9.5964
9.5964
9.5964
9.5964
9.5964
9.5964
9.5964
9.5964
9.5964
9.5964
9.5964
9.5964
9.5964
9.5964
9.5964
9.5964
9.5964
9.5964
9.5964
9.5964
9.5964
9.5964
9.5964
9.5964
9.5964
9.5964
9.5964
9.5964
9.5964
9.5964
9.5964
9.5964
9.5964
9.5964
9.5964
9.5964
9.5964
9.5964
9.5964
9.5964
9.5964
9.5964
9.5964
9.5964
9.5964
9.5964
9.5964
9.5964
9.5964
9.5964
9.5964
9.5964
9.5964
9.5964
9.5964
9.5964
9.5964
9.5964
9.5964
9.5964
9.5964
9.5964
9.5964
9.5964
9.5964
9.5964
9.5964
9.5964
9.5964
9.5964
9.5964
9.5964
9.5964
9.5964
9.5964
9.5964
9.5964
9.5964
9.5964
9.5964
9.5964
9.5964
9.5964
9.5964
9.5964
9.5964
9.5964
9.5964
9.5964
9.5964
9.5964
9.5964
9.5964
9.5964
9.5964
9.5964
9.5964
9.5964
9.5964
9.5964
9.5964
9.5964
9.5964
9.5964
9.5964
9.5964
9.5964
9.5964
9.5964
9.5964
9.5964
9.5964
9.5964
9.5964
9.5964
9.5964
9.5964
9.5964
9.5964
9.5964
9.5964
9.5964
9.5964
9.5964
9.5964
9.5964
9.5964
9.5964
9.5964
9.5964
9.5964
9.5964
9.5964
9.5964
9.5964
9.5964
9.5964
9.5964
9.5964
9.5964
9.5964
9.5964
9.5964
9.5964
9.5964
9.5964
9.5964
9.5964
9.5964
9.5964
9.5964
9.5964
9.5964
9.5964
9.5964
9.5964
9.5964
9.5964
9.5964
9.5964
9.5964
9.5964
9.5964
9.5964
9.5964
9.5964
9.5964
9.5964
9.5964
9.5964
9.5964
9.5964
9.5964
9.5964
9.5964
9.5964
9.5964
9.5964
9.5964
9.5964
9.5964
9.5964
9.5964
9.5964
9.5964
9.5964
9.5964
9.5964
9.5964
9.5964
9.5964
9.5964
9.5964
9.5964
9.5964
9.5964
9.5964
9.5964
9.5964
9.5964
9.5964
9.5964
9.5964
9.5964
9.5964
9.5964
9.5964
9.5964
9.5964
9.5964
9.5964
9.5964
9.5964
9.5964
9.5964
9.5964
9.5964
9.5964
9.5964
9.5964
9.5964
9.5964
9.5964
9.5964
9.5964
9.5964
9.5964
9.5964
9.5964
9.5964
9.5964
9.5964
9.5964
9.5964
9.5964
9.5964
9.5964
9.5964
9.5964
9.5964
9.5964
9.5964
9.5964
9.5964
9.5964
9.5964
9.5964
9.5964
9.5964
9.5964
9.5964
9.5964
9.5964
9.5964
9.5964
9.5964
9.5964
9.5964
9.5964
9.5964
9.5964
9.5964
9.5964
9.5964
9.5964
9.5964
9.5964
9.5964
9.5964
9.5964
9.5964
9.5964
9.5964
9.5964
9.5964
9.5964
9.5964
9.5964
9.5964
9.5964
9.5964
9.5964
9.5964
9.5964
9.5964
9.5964
9.5964
9.5964
9.5964
9.5964
9.5964
9.5964
9.5964
9.5964
9.5964
9.5964
9.5964
9.5964
9.5964
9.5964
9.5964
9.5964
9.5964
9.5964
9.5964
9.5964
9.5964
9.5964
9.5964
9.5964
9.5964
9.5964
9.5964
9.5964
9.5964
9.5964
9.5964
9.5964
9.5964
9.5964
9.5964
9.5964
9.5964
9.5964
9.5964
9.5964
9.5964
9.5964
9.5964
9.5964
9.5964
9.5964
9.5964
9.5964
9.5964
9.5964
9.5964
9.5964
9.5964
9.5964
9.5964
9.5964
9.5964
9.5964
9.5964
9.5964
9.5964
9.5964
9.5964
9.5964
9.5964
9.5964
9.5964
9.5964
9.5964
9.5964
9.5964
9.5964
9.5964
9.5964
9.5964
9.5964
9.5964
9.5964
9.5964
9.5964
9.5964
9.5964
9.5964
9.5964
9.5964
9.5964
9.5964
9.5964
9.5964
9.5964
9.5964
9.5964
9.5964
9.5964
9.5964
9.5964
9.5964
9.5964
9.5964
9.5964
9.5964
9.5964
9.5964
9.5964
9.5964
9.5964
9.5964
9.5964
9.5964
9.5964
9.5964
9.5964
9.5964
9.5964
9.5964
9.5964
9.5964
9.5964
9.5964
9.5964
9.5964
9.5964
9.5964
9.5964
9.5964
9.5964
9.5964
9.5964
9.5964
9.5964
9.5964
9.5964
9.5964
9.5964
9.5964
9.5964
9.5964
9.5964
9.5964
9.5964
9.5964
9.5964
9.5964
9.5964
9.5964
9.5964
9.5964
9.5964
9.5964
9.5964
9.5964
9.5964
9.5964
9.5964
9.5964
9.5964
9.5964
9.5964
9.5964
9.5964
9.5964
9.5964
9.5964
9.5964
9.5964
9.5964
9.5964
9.5964
9.5964
9.5964
9.5964
9.5964
9.5964
9.5964
9.5964
9.5964
9.5964
9.5964
9.5964
9.5964
9.5964
9.5964
9.5964
9.5964
9.5964
9.5964
9.5964
9.5964
9.5964
9.5964
9.5964
9.5964
9.5964
9.5964
9.5964
9.5964
9.5964
9.5964
9.5964
9.5964
9.5964
9.5964
9.5964
9.5964
9.5964
9.5964
9.5964
9.5964
9.5964
9.5964
9.5964
9.5964
9.5964
9.5964
9.5964
9.5964
9.5964
9.5964
9.5964
9.5964
9.5964
9.5964
9.5964
9.5964
9.5964
9.5964
9.5964
9.5964
9.5964
9.5964
9.5964
9.5964
9.5964
9.5964
9.5964
9.5964
9.5964
9.5964
9.5964
9.5964
9.5964
9.5964
9.5964
9.5964
9.5964
9.5964
9.5964
9.5964
9.5964
9.5964
9.5964
9.5964
9.5964
9.5964
9.5964
9.5964
9.5964
9.5964
9.5964
9.5964
9.5964
9.5964
9.5964
9.5964
9.5964
9.5964
9.5964
9.5964
9.5964
9.5964
9.5964
9.5964
9.5964
9.5964
9.5964
9.5964
9.5964
9.5964
9.5964
9.5964
9.5964
9.5964
9.5964
9.5964
9.5964
9.5964
9.5964
9.5964
9.5964
9.5964
9.5964
9.5964
9.5964
9.5964
9.5964
9.5964
9.5964
9.5964
9.5964
9.5964
9.5964
9.5964
9.5964
9.5964
9.5964
9.5964
9.5964
9.5964
9.5964
9.5964
9.5964
9.5964
9.5964
9.5964
9.5964
9.5964
9.5964
9.5964
9.5964
9.5964
9.5964
9.5964
9.5964
9.5964
9.5964
9.5964
9.5964
9.5964
9.5964
9.5964
9.5964
9.5964
9.5964
9.5964
9.5964
9.5964
9.5964
9.5964
9.5964
9.5964
9.5964
9.5964
9.5964
9.5964
9.5964
9.5964
9.5964
9.5964
9.5964
9.5964
9.5964
9.5964
9.5964
9.5964
9.5964
9.5964
9.5964
9.5964
9.5964
9.5964
9.5964
9.5964
9.5964
9.5964
9.5964
9.5964
9.5964
9.5964
9.5964
9.5964
9.5964
9.5964
9.5964
9.5964
9.5964
9.5964
9.5964
9.5964
9.5964
9.5964
9.5964
9.5964
9.5964
9.5964
9.5964
9.5964
9.5964
9.5964
9.5964
9.5964
9.5964
9.5964
9.5964
9.5964
9.5964
9.5964
9.5964
9.5964
9.5964
9.5964
9.5964
9.5964
9.5964
9.5964
9.5964
9.5964
9.5964
9.5964
9.5964
9.5964
9.5964
9.5964
9.5964
9.5964
9.5964
9.5964
9.5964
9.5964
9.5964
9.5964
9.5964
9.5964
9.5964
9.5964
9.5964
9.5964
9.5964
9.5964
9.5964
9.5964
9.5964
9.5964
9.5964
9.5964
9.5964
9.5964
9.5964
9.5964
9.5964
9.5964
9.5964
9.5964
9.5964
9.5964
9.5964
9.5964
9.5964
9.5964
9.5964
9.5964
9.5964
9.5964
9.5964
9.5964
9.5964
9.5964
9.5964
9.5964
9.5964
9.5964
9.5964
9.5964
9.5964
9.5964
9.5964
9.5964
9.5964
9.5964
9.5964
9.5964
9.5964
9.5964
9.5964
9.5964
9.5964
9.5964
9.5964
9.5964
9.5964
9.5964
9.5964
9.5964
9.5964
9.5964
9.5964
9.5964
9.5964
9.5964
9.5964
9.5964
9.5964
9.5964
9.5964
9.5964
9.5964
9.5964
9.5964
9.5964
9.5964
9.5964
9.5964
9.5964
9.5964
9.5964
9.5964
9.5964
9.5964
9.5964
9.5964
9.5964
9.5964
9.5964
9.5964
9.5964
9.5964
9.5964
9.5964
9.5964
9.5964
9.5964
9.5964
9.5964
9.5964
9.5964
9.5964
9.5964
9.5964
9.5964
9.5964
9.5964
9.5964
9.5964
9.5964
9.5964
9.5964
9.5964
9.5964
9.5964
9.5964
9.5964
9.5964
9.5964
9.5964
9.5964
9.5964
9.5964
9.5964
9.5964
9.5964
9.5964
9.5964
9.5964
9.5964
9.5964
9.5964
9.5964
9.5964
9.5964
9.5964
9.5964
9.5964
9.5964
9.5964
9.5964
9.5964
9.5964
9.5964
9.5964
9.5964
9.5964
9.5964
9.5964
9.5964
9.5964
9.5964
9.5964
9.5964
9.5964
9.5964
9.5964
9.5964
9.5964
9.5964
9.5964
9.5964
9.5964
9.5964
9.5964
9.5964
9.5964
9.5964
9.5964
9.5964
9.5964
9.5964
9.5964
9.5964
9.5964
9.5964
9.5964
9.5964
9.5964
9.5964
9.5964
9.5964
9.5964
9.5964
9.5964
9.5964
9.5964
9.5964
9.5964
9.5964
9.5964
9.5964
9.5964
9.5964
9.5964
9.5964
9.5964
9.5964
9.5964
9.5964
9.5964
9.5964
9.5964
9.5964
9.5964
9.5964
9.5964
9.5964
9.5964
9.5964
9.5964
9.5964
9.5964
9.5964
9.5964
9.5964
9.5964
9.5964
9.5964
9.5964
9.5964
9.5964
9.5964
9.5964
9.5964
9.5964
9.5964
9.5964
9.5964
9.5964
9.5964
9.5964
9.5964
9.5964
9.5964
9.5964
9.5964
9.5964
9.5964
9.5964
9.5964
9.5964
9.5964
9.5964
9.5964
9.5964
9.5964
9.5964
9.5964
9.5964
9.5964
9.5964
9.5964
9.5964
9.5964
9.5964
9.5964
9.5964
9.5964
9.5964
9.5964
9.5964
9.5964
9.5964
9.5964
9.5964
9.5964
9.5964
9.5964
9.5964
9.5964
9.5964
9.5964
9.5964
9.5964
9.5964
9.5964
9.5964
9.5964
9.5964
9.5964
9.5964
9.5964
9.5964
9.5964
9.5964
9.5964
9.5964
9.5964
9.5964
9.5964
9.5964
9.5964
9.5964
9.5964
9.5964
9.5964
9.5964
9.5964
9.5964
9.5964
9.5964
9.5964
9.5964
9.5964
9.5964
9.5964
9.5964
9.5964
9.5964
9.5964
9.5964
9.5964
9.5964
9.5964
9.5964
9.5964
9.5964
9.5964
9.5964
9.5964
9.5964
9.5964
9.5964
9.5964
9.5964
9.5964
9.5964
9.5964
9.5964
9.5964
9.5964
9.5964
9.5964
9.5964
9.5964
9.5964
9.5964
9.5964
9.5964
9.5964
9.5964
9.5964
9.5964
9.5964
9.5964
9.5964
9.5964
9.5964
9.5964
9.5964
9.5964
9.5964
9.5964
9.5964
9.5964
9.5964
9.5964
9.5964
9.5964
9.5964
9.5964
9.5964
9.5964
9.5964
9.5964
9.5964
9.5964
9.5964
9.5964
9.5964
9.5964
9.5964
9.5964
9.5964
9.5964
9.5964
9.5964
9.5964
9.5964
9.5964
9.5964
9.5964
9.5964
9.5964
9.5964
9.5964
9.5964
9.5964
9.5964
9.5964
9.5964
9.5964
9.5964
9.5964
9.5964
9.5964
9.5964
9.5964
9.5964
9.5964
9.5964
9.5964
9.5964
9.5964
9.5964
9.5964
9.5964
9.5964
9.5964
9.5964
9.5964
9.5964
9.5964
9.5964
9.5964
9.5964
9.5964
9.5964
9.5964
9.5964
9.5964
9.5964
9.5964
9.5964
9.5964
9.5964
9.5964
9.5964
9.5964
9.5964
9.5964
9.5964
9.5964
9.5964
9.5964
9.5964
9.5964
9.5964
9.5964
9.5964
9.5964
9.5964
9.5964
9.5964
9.5964
9.5964
9.5964
9.5964
9.5964
9.5964
9.5964
9.5964
9.5964
9.5964
9.5964
9.5964
9.5964
9.5964
9.5964
9.5964
9.5964
9.5964
9.5964
9.5964
9.5964
9.5964
9.5964
9.5964
9.5964
9.5964
9.5964
9.5964
9.5964
9.5964
9.5964
9.5964
9.5964
9.5964
9.5964
9.5964
9.5964
9.5964
9.5964
9.5964
9.5964
9.5964
9.5964
9.5964
9.5964
9.5964
9.5964
9.5964
9.5964
9.5964
9.5964
9.5964
9.5964
9.5964
9.5964
9.5964
9.5964
9.5964
9.5964
9.5964
9.5964
9.5964
9.5964
9.5964
9.5964
9.5964
9.5964
9.5964
9.5964
9.5964
9.5964
9.5964
9.5964
9.5964
9.5964
9.5964
9.5964
9.5964
9.5964
9.5964
9.5964
9.5964
9.5964
9.5964
9.5964
9.5964
9.5964
9.5964
9.5964
9.5964
9.5964
9.5964
9.5964
9.5964
9.5964
9.5964
9.5964
9.5964
9.5964
9.5964
9.5964
9.5964
9.5964
9.5964
9.5964
9.5964
9.5964
9.5964
9.5964
9.5964
9.5964
9.5964
9.5964
9.5964
9.5964
9.5964
9.5964
9.5964
9.5964
9.5964
9.5964
9.5964
9.5964
9.5964
9.5964
9.5964
9.5964
9.5964
9.5964
9.5964
9.5964
9.5964
9.5964
9.5964
9.5964
9.5964
9.5964
9.5964
9.5964
9.5964
9.5964
9.5964
9.5964
9.5964
9.5964
9.5964
9.5964
9.5964
9.5964
9.5964
9.5964
9.5964
9.5964
9.5964
9.5964
9.5964
9.5964
9.5964
9.5964
9.5964
9.5964
9.5964
9.5964
9.5964
9.5964
9.5964
9.5964
9.5964
9.5964
9.5964
9.5964
9.5964
9.5964
9.5964
9.5964
9.5964
9.5964
9.5964
9.5964
9.5964
9.5964
9.5964
9.5964
9.5964
9.5964
9.5964
9.5964
9.5964
9.5964
9.5964
9.5964
9.5964
9.5964
9.5964
9.5964
9.5964
9.5964
9.5964
9.5964
9.5964
9.5964
9.5964
9.5964
9.5964
9.5964
9.5964
9.5964
9.5964
9.5964
9.5964
9.5964
9.5964
9.5964
9.5964
9.5964
9.5964
9.5964
9.5964
9.5964
9.5964
9.5964
9.5964
9.5964
9.5964
9.5964
9.5964
9.5964
9.5964
9.5964
9.5964
9.5964
9.5964
9.5964
9.5964
9.5964
9.5964
9.5964
9.5964
9.5964
9.5964
9.5964
9.5964
9.5964
9.5964
9.5964
9.5964
9.5964
9.5964
9.5964
9.5964
9.5964
9.5964
9.5964
9.5964
9.5964
9.5964
9.5964
9.5964
9.5964
9.5964
9.5964
9.5964
9.5964
9.5964
9.5964
9.5964
9.5964
9.5964
9.5964
9.5964
9.5964
9.5964
9.5964
9.5964
9.5964
9.5964
9.5964
9.5964
9.5964
9.5964
9.5964
9.5964
9.5964
9.5964
9.5964
9.5964
9.5964
9.5964
9.5964
9.5964
9.5964
9.5964
9.5964
9.5964
9.5964
9.5964
9.5964
9.5964
9.5964
9.5964
9.5964
9.5964
9.5964
9.5964
9.5964
9.5964
9.5964
9.5964
9.5964
9.5964
9.5964
9.5964
9.5964
9.5964
9.5964
9.5964
9.5964
9.5964
9.5964
9.5964
9.5964
9.5964
9.5964
9.5964
9.5964
9.5964
9.5964
9.5964
9.5964
9.5964
9.5964
9.5964
9.5964
9.5964
9.5964
9.5964
9.5964
9.5964
9.5964
9.5964
9.5964
9.5964
9.5964
9.5964
9.5964
9.5964
9.5964
9.5964
9.5964
9.5964
9.5964
9.5964
9.5964
9.5964
9.5964
9.5964
9.5964
9.5964
9.5964
9.5964
9.5964
9.5964
9.5964
9.5964
9.5964
9.5964
9.5964
9.5964
9.5964
9.5964
9.5964
9.5964
9.5964
9.5964
9.5964
9.5964
9.5964
9.5964
9.5964
9.5964
9.5964
9.5964
9.5964
9.5964
9.5964
9.5964
9.5964
9.5964
9.5964
9.5964
9.5964
9.5964
9.5964
9.5964
9.5964
9.5964
9.5964
9.5964
9.5964
9.5964
9.5964
9.5964
9.5964
9.5964
9.5964
9.5964
9.5964
9.5964
9.5964
9.5964
9.5964
9.5964
9.5964
9.5964
9.5964
9.5964
9.5964
9.5964
9.5964
9.5964
9.5964
9.5964
9.5964
9.5964
9.5964
9.5964
9.5964
9.5964
9.5964
9.5964
9.5964
9.5964
9.5964
9.5964
9.5964
9.5964
9.5964
9.5964
9.5964
9.5964
9.5964
9.5964
9.5964
9.5964
9.5964
9.5964
9.5964
9.5964
9.5964
9.5964
9.5964
9.5964
9.5964
9.5964
9.5964
9.5964
9.5964
9.5964
9.5964
9.5964
9.5964
9.5964
9.5964
9.5964
9.5964
9.5964
9.5964
9.5964
9.5964
9.5964
9.5964
9.5964
9.5964
9.5964
9.5964
9.5964
9.5964
9.5964
9.5964
9.5964
9.5964
9.5964
9.5964
9.5964
9.5964
9.5964
9.5964
9.5964
9.5964
9.5964
9.5964
9.5964
9.5964
9.5964
9.5964
9.5964
9.5964
9.5964
9.5964
9.5964
9.5964
9.5964
9.5964
9.5964
9.5964
9.5964
9.5964
9.5964
9.5964
9.5964
9.5964
9.5964
9.5964
9.5964
9.5964
9.5964
9.5964
9.5964
9.5964
9.5964
9.5964
9.5964
9.5964
9.5964
9.5964
9.5964
9.5964
9.5964
9.5964
9.5964
9.5964
9.5964
9.5964
9.5964
9.5964
9.5964
9.5964
9.5964
9.5964
9.5964
9.5964
9.5964
9.5964
9.5964
9.5964
9.5964
9.5964
9.5964
9.5964
9.5964
9.5964
9.5964
9.5964
9.5964
9.5964
9.5964
9.5964
9.5964
9.5964
9.5964
9.5964
9.5964
9.5964
9.5964
9.5964
9.5964
9.5964
9.5964
9.5964
9.5964
9.5964
9.5964
9.5964
9.5964
9.5964
9.5964
9.5964
9.5964
9.5964
9.5964
9.5964
9.5964
9.5964
9.5964
9.5964
9.5964
9.5964
9.5964
9.5964
9.5964
9.5964
9.5964
9.5964
9.5964
9.5964
9.5964
9.5964
9.5964
9.5964
9.5964
9.5964
9.5964
9.5964
9.5964
9.5964
9.5964
9.5964
9.5964
9.5964
9.5964
9.5964
9.5964
9.5964
9.5964
9.5964
9.5964
9.5964
9.5964
9.5964
9.5964
9.5964
9.5964
9.5964
9.5964
9.5964
9.5964
9.5964
9.5964
9.5964
9.5964
9.5964
9.5964
9.5964
9.5964
9.5964
9.5964
9.5964
9.5964
9.5964
9.5964
9.5964
9.5964
9.5964
9.5964
9.5964
9.5964
9.5964
9.5964
9.5964
9.5964
9.5964
9.5964
9.5964
9.5964
9.5964
9.5964
9.5964
9.5964
9.5964
9.5964
9.5964
9.5964
9.5964
9.5964
9.5964
9.5964
9.5964
9.5964
9.5964
9.5964
9.5964
9.5964
9.5964
9.5964
9.5964
9.5964
9.5964
9.5964
9.5964
9.5964
9.5964
9.5964
9.5964
9.5964
9.5964
9.5964
9.5964
9.5964
9.5964
9.5964
9.5964
9.5964
9.5964
9.5964
9.5964
9.5964
9.5964
9.5964
9.5964
9.5964
9.5964
9.5964
9.5964
9.5964
9.5964
9.5964
9.5964
9.5964
9.5964
9.5964
9.5964
9.5964
9.5964
9.5964
9.5964
9.5964
9.5964
9.5964
9.5964
9.5964
9.5964
9.5964
9.5964
9.5964
9.5964
9.5964
9.5964
9.5964
9.5964
9.5964
9.5964
9.5964
9.5964
9.5964
9.5964
9.5964
9.5964
9.5964
9.5964
9.5964
9.5964
9.5964
9.5964
9.5964
9.5964
9.5964
9.5964
9.5964
9.5964
9.5964
9.5964
9.5964
9.5964
9.5964
9.5964
9.5964
9.5964
9.5964
9.5964
9.5964
9.5964
9.5964
9.5964
9.5964
9.5964
9.5964
9.5964
9.5964
9.5964
9.5964
9.5964
9.5964
9.5964
9.5964
9.5964
9.5964
9.5964
9.5964
9.5964
9.5964
9.5964
9.5964
9.5964
9.5964
9.5964
9.5964
9.5964
9.5964
9.5964
9.5964
9.5964
9.5964
9.5964
9.5964
9.5964
9.5964
9.5964
9.5964
9.5964
9.5964
9.5964
9.5964
9.5964
9.5964
9.5964
9.5964
9.5964
9.5964
9.5964
9.5964
9.5964
9.5964
9.5964
9.5964
9.5964
9.5964
9.5964
9.5964
9.5964
9.5964
9.5964
9.5964
9.5964
9.5964
9.5964
9.5964
9.5964
9.5964
9.5964
9.5964
9.5964
9.5964
9.5964
9.5964
9.5964
9.5964
9.5964
9.5964
9.5964
9.5964
9.5964
9.5964
9.5964
9.5964
9.5964
9.5964
9.5964
9.5964
9.5964
9.5964
9.5964
9.5964
9.5964
9.5964
9.5964
9.5964
9.5964
9.5964
9.5964
9.5964
9.5964
9.5964
9.5964
9.5964
9.5964
9.5964
9.5964
9.5964
9.5964
9.5964
9.5964
9.5964
9.5964
9.5964
9.5964
9.5964
9.5964
9.5964
9.5964
9.5964
9.5964
9.5964
9.5964
9.5964
9.5964
9.5964
9.5964
9.5964
9.5964
9.5964
9.5964
9.5964
9.5964
9.5964
9.5964
9.5964
9.5964
9.5964
9.5964
9.5964
9.5964
9.5964
9.5964
9.5964
9.5964
9.5964
9.5964
9.5964
9.5964
9.5964
9.5964
9.5964
9.5964
9.5964
9.5964
9.5964
9.5964
9.5964
9.5964
9.5964
9.5964
9.5964
9.5964
9.5964
9.5964
9.5964
9.5964
9.5964
9.5964
9.5964
9.5964
9.5964
9.5964
9.5964
9.5964
9.5964
9.5964
9.5964
9.5964
9.5964
9.5964
9.5964
9.5964
9.5964
9.5964
9.5964
9.5964
9.5964
9.5964
9.5964
9.5964
9.5964
9.5964
9.5964
9.5964
9.5964
9.5964
9.5964
9.5964
9.5964
9.5964
9.5964
9.5964
9.5964
9.5964
9.5964
9.5964
9.5964
9.5964
9.5964
9.5964
9.5964
9.5964
9.5964
9.5964
9.5964
9.5964
9.5964
9.5964
9.5964
9.5964
9.5964
9.5964
9.5964
9.5964
9.5964
9.5964
9.5964
9.5964
9.5964
9.5964
9.5964
9.5964
9.5964
9.5964
9.5964
9.5964
9.5964
9.5964
9.5964
9.5964
9.5964
9.5964
9.5964
9.5964
9.5964
9.5964
9.5964
9.5964
9.5964
9.5964
9.5964
9.5964
9.5964
9.5964
9.5964
9.5964
9.5964
9.5964
9.5964
9.5964
9.5964
9.5964
9.5964
9.5964
9.5964
9.5964
9.5964
9.5964
9.5964
9.5964
9.5964
9.5964
9.5964
9.5964
9.5964
9.5964
9.5964
9.5964
9.5964
9.5964
9.5964
9.5964
9.5964
9.5964
9.5964
9.5964
9.5964
9.5964
9.5964
9.5964
9.5964
9.5964
9.5964
9.5964
9.5964
9.5964
9.5964
9.5964
9.5964
9.5964
9.5964
9.5964
9.5964
9.5964
9.5964
9.5964
9.5964
9.5964
9.5964
9.5964
9.5964
9.5964
9.5964
9.5964
9.5964
9.5964
9.5964
9.5964
9.5964
9.5964
9.5964
9.5964
9.5964
9.5964
9.5964
9.5964
9.5964
9.5964
9.5964
9.5964
9.5964
9.5964
9.5964
9.5964
9.5964
9.5964
9.5964
9.5964
9.5964
9.5964
9.5964
9.5964
9.5964
9.5964
9.5964
9.5964
9.5964
9.5964
9.5964
9.5964
9.5964
9.5964
9.5964
9.5964
9.5964
9.5964
9.5964
9.5964
9.5964
9.5964
9.5964
9.5964
9.5964
9.5964
9.5964
9.5964
9.5964
9.5964
9.5964
9.5964
9.5964
9.5964
9.5964
9.5964
9.5964
9.5964
9.5964
9.5964
9.5964
9.5964
9.5964
9.5964
9.5964
9.5964
9.5964
9.5964
9.5964
9.5964
9.5964
9.5964
9.5964
9.5964
9.5964
9.5964
9.5964
9.5964
9.5964
9.5964
9.5964
9.5964
9.5964
9.5964
9.5964
9.5964
9.5964
9.5964
9.5964
9.5964
9.5964
9.5964
9.5964
9.5964
9.5964
9.5964
9.5964
9.5964
9.5964
9.5964
9.5964
9.5964
9.5964
9.5964
9.5964
9.5964
9.5964
9.5964
9.5964
9.5964
9.5964
9.5964
9.5964
9.5964
9.5964
9.5964
9.5964
9.5964
9.5964
9.5964
9.5964
9.5964
9.5964
9.5964
9.5964
9.5964
9.5964
9.5964
9.5964
9.5964
9.5964
9.5964
9.5964
9.5964
9.5964
9.5964
9.5964
9.5964
9.5964
9.5964
9.5964
9.5964
9.5964
9.5964
9.5964
9.5964
9.5964
9.5964
9.5964
9.5964
9.5964
9.5964
9.5964
9.5964
9.5964
9.5964
9.5964
9.5964
9.5964
9.5964
9.5964
9.5964
9.5964
9.5964
9.5964
9.5964
9.5964
9.5964
9.5964
9.5964
9.5964
9.5964
9.5964
9.5964
9.5964
9.5964
9.5964
9.5964
9.5964
9.5964
9.5964
9.5964
9.5964
9.5964
9.5964
9.5964
9.5964
9.5964
9.5964
9.5964
9.5964
9.5964
9.5964
9.5964
9.5964
9.5964
9.5964
9.5964
9.5964
9.5964
9.5964
9.5964
9.5964
9.5964
9.5964
9.5964
9.5964
9.5964
9.5964
9.5964
9.5964
9.5964
9.5964
9.5964
9.5964
9.5964
9.5964
9.5964
9.5964
9.5964
9.5964
9.5964
9.5964
9.5964
9.5964
9.5964
9.5964
9.5964
9.5964
9.5964
9.5964
9.5964
9.5964
9.5964
9.5964
9.5964
9.5964
9.5964
9.5964
9.5964
9.5964
9.5964
9.5964
9.5964
9.5964
9.5964
9.5964
9.5964
9.5964
9.5964
9.5964
9.5964
9.5964
9.5964
9.5964
9.5964
9.5964
9.5964
9.5964
9.5964
9.5964
9.5964
9.5964
9.5964
9.5964
9.5964
9.5964
9.5964
9.5964
9.5964
9.5964
9.5964
9.5964
9.5964
9.5964
9.5964
9.5964
9.5964
9.5964
9.5964
9.5964
9.5964
9.5964
9.5964
9.5964
9.5964
9.5964
9.5964
9.5964
9.5964
9.5964
9.5964
9.5964
9.5964
9.5964
9.5964
9.5964
9.5964
9.5964
9.5964
9.5964
9.5964
9.5964
9.5964
9.5964
9.5964
9.5964
9.5964
9.5964
9.5964
9.5964
9.5964
9.5964
9.5964
9.5964
9.5964
9.5964
9.5964
9.5964
9.5964
9.5964
9.5964
9.5964
9.5964
9.5964
9.5964
9.5964
9.5964
9.5964
9.5964
9.5964
9.5964
9.5964
9.5964
9.5964
9.5964
9.5964
9.5964
9.5964
9.5964
9.5964
9.5964
9.5964
9.5964
9.5964
9.5964
9.5964
9.5964
9.5964
9.5964
9.5964
9.5964
9.5964
9.5964
9.5964
9.5964
9.5964
9.5964
9.5964
9.5964
9.5964
9.5964
9.5964
9.5964
9.5964
9.5964
9.5964
9.5964
9.5964
9.5964
9.5964
9.5964
9.5964
9.5964
9.5964
9.5964
9.5964
9.5964
9.5964
9.5964
9.5964
9.5964
9.5964
9.5964
9.5964
9.5964
9.5964
9.5964
9.5964
9.5964
9.5964
9.5964
9.5964
9.5964
9.5964
9.5964
9.5964
9.5964
9.5964
9.5964
9.5964
9.5964
9.5964
9.5964
9.5964
9.5964
9.5964
9.5964
9.5964
9.5964
9.5964
9.5964
9.5964
9.5964
9.5964
9.5964
9.5964
9.5964
9.5964
9.5964
9.5964
9.5964
9.5964
9.5964
9.5964
9.5964
9.5964
9.5964
9.5964
9.5964
9.5964
9.5964
9.5964
9.5964
9.5964
9.5964
9.5964
9.5964
9.5964
9.5964
9.5964
9.5964
9.5964
9.5964
9.5964
9.5964
9.5964
9.5964
9.5964
9.5964
9.5964
9.5964
9.5964
9.5964
9.5964
9.5964
9.5964
9.5964
9.5964
9.5964
9.5964
9.5964
9.5964
9.5964
9.5964
9.5964
9.5964
9.5964
9.5964
9.5964
9.5964
9.5964
9.5964
9.5964
9.5964
9.5964
9.5964
9.5964
9.5964
9.5964
9.5964
9.5964
9.5964
9.5964
9.5964
9.5964
9.5964
9.5964
9.5964
9.5964
9.5964
9.5964
9.5964
9.5964
9.5964
9.5964
9.5964
9.5964
9.5964
9.5964
9.5964
9.5964
9.5964
9.5964
9.5964
9.5964
9.5964
9.5964
9.5964
9.5964
9.5964
9.5964
9.5964
9.5964
9.5964
9.5964
9.5964
9.5964
9.5964
9.5964
9.5964
9.5964
9.5964
9.5964
9.5964
9.5964
9.5964
9.5964
9.5964
9.5964
9.5964
9.5964
9.5964
9.5964
9.5964
9.5964
9.5964
9.5964
9.5964
9.5964
9.5964
9.5964
9.5964
9.5964
9.5964
9.5964
9.5964
9.5964
9.5964
9.5964
9.5964
9.5964
9.5964
9.5964
9.5964
9.5964
9.5964
9.5964
9.5964
9.5964
9.5964
9.5964
9.5964
9.5964
9.5964
9.5964
9.5964
9.5964
9.5964
9.5964
9.5964
9.5964
9.5964
9.5964
9.5964
9.5964
9.5964
9.5964
9.5964
9.5964
9.5964
9.5964
9.5964
9.5964
9.5964
9.5964
9.5964
9.5964
9.5964
9.5964
9.5964
9.5964
9.5964
9.5964
9.5964
9.5964
9.5964
9.5964
9.5964
9.5964
9.5964
9.5964
9.5964
9.5964
9.5964
9.5964
9.5964
9.5964
9.5964
9.5964
9.5964
9.5964
9.5964
9.5964
9.5964
9.5964
9.5964
9.5964
9.5964
9.5964
9.5964
9.5964
9.5964
9.5964
9.5964
9.5964
9.5964
9.5964
9.5964
9.5964
9.5964
9.5964
9.5964
9.5964
9.5964
9.5964
9.5964
9.5964
9.5964
9.5964
9.5964
9.5964
9.5964
9.5964
9.5964
9.5964
9.5964
9.5964
9.5964
9.5964
9.5964
9.5964
9.5964
9.5964
9.5964
9.5964
9.5964
9.5964
9.5964
9.5964
9.5964
9.5964
9.5964
9.5964
9.5964
9.5964
9.5964
9.5964
9.5964
9.5964
9.5964
9.5964
9.5964
9.5964
9.5964
9.5964
9.5964
9.5964
9.5964
9.5964
9.5964
9.5964
9.5964
9.5964
9.5964
9.5964
9.5964
9.5964
9.5964
9.5964
9.5964
9.5964
9.5964
9.5964
9.5964
9.5964
9.5964
9.5964
9.5964
9.5964
9.5964
9.5964
9.5964
9.5964
9.5964
9.5964
9.5964
9.5964
9.5964
9.5964
9.5964
9.5964
9.5964
9.5964
9.5964
9.5964
9.5964
9.5964
9.5964
9.5964
9.5964
9.5964
9.5964
9.5964
9.5964
9.5964
9.5964
9.5964
9.5964
9.5964
9.5964
9.5964
9.5964
9.5964
9.5964
9.5964
9.5964
9.5964
9.5964
9.5964
9.5964
9.5964
9.5964
9.5964
9.5964
9.5964
9.5964
9.5964
9.5964
9.5964
9.5964
9.5964
9.5964
9.5964
9.5964
9.5964
9.5964
9.5964
9.5964
9.5964
9.5964
9.5964
9.5964
9.5964
9.5964
9.5964
9.5964
9.5964
9.5964
9.5964
9.5964
9.5964
9.5964
9.5964
9.5964
9.5964
9.5964
9.5964
9.5964
9.5964
9.5964
9.5964
9.5964
9.5964
9.5964
9.5964
9.5964
9.5964
9.5964
9.5964
9.5964
9.5964
9.5964
9.5964
9.5964
9.5964
9.5964
9.5964
9.5964
9.5964
9.5964
9.5964
9.5964
9.5964
9.5964
9.5964
9.5964
9.5964
9.5964
9.5964
9.5964
9.5964
9.5964
9.5964
9.5964
9.5964
9.5964
9.5964
9.5964
9.5964
9.5964
9.5964
9.5964
9.5964
9.5964
9.5964
9.5964
9.5964
9.5964
9.5964
9.5964
9.5964
9.5964
9.5964
9.5964
9.5964
9.5964
9.5964
9.5964
9.5964
9.5964
9.5964
9.5964
9.5964
9.5964
9.5964
9.5964
9.5964
9.5964
9.5964
9.5964
9.5964
9.5964
9.5964
9.5964
9.5964
9.5964
9.5964
9.5964
9.5964
9.5964
9.5964
9.5964
9.5964
9.5964
9.5964
9.5964
9.5964
9.5964
9.5964
9.5964
9.5964
9.5964
9.5964
9.5964
9.5964
9.5964
9.5964
9.5964
9.5964
9.5964
9.5964
9.5964
9.5964
9.5964
9.5964
9.5964
9.5964
9.5964
9.5964
9.5964
9.5964
9.5964
9.5964
9.5964
9.5964
9.5964
9.5964
9.5964
9.5964
9.5964
9.5964
9.5964
9.5964
9.5964
9.5964
9.5964
9.5964
9.5964
9.5964
9.5964
9.5964
9.5964
9.5964
9.5964
9.5964
9.5964
9.5964
9.5964
9.5964
9.5964
9.5964
9.5964
9.5964
9.5964
9.5964
9.5964
9.5964
9.5964
9.5964
9.5964
9.5964
9.5964
9.5964
9.5964
9.5964
9.5964
9.5964
9.5964
9.5964
9.5964
9.5964
9.5964
9.5964
9.5964
9.5964
9.5964
9.5964
9.5964
9.5964
9.5964
9.5964
9.5964
9.5964
9.5964
9.5964
9.5964
9.5964
9.5964
9.5964
9.5964
9.5964
9.5964
9.5964
9.5964
9.5964
9.5964
9.5964
9.5964
9.5964
9.5964
9.5964
9.5964
9.5964
9.5964
9.5964
9.5964
9.5964
9.5964
9.5964
9.5964
9.5964
9.5964
9.5964
9.5964
9.5964
9.5964
9.5964
9.5964
9.5964
9.5964
9.5964
9.5964
9.5964
9.5964
9.5964
9.5964
9.5964
9.5964
9.5964
9.5964
9.5964
9.5964
9.5964
9.5964
9.5964
9.5964
9.5964
9.5964
9.5964
9.5964
9.5964
9.5964
9.5964
9.5964
9.5964
9.5964
9.5964
9.5964
9.5964
9.5964
9.5964
9.5964
9.5964
9.5964
9.5964
9.5964
9.5964
9.5964
9.5964
9.5964
9.5964
9.5964
9.5964
9.5964
9.5964
9.5964
9.5964
9.5964
9.5964
9.5964
9.5964
9.5964
9.5964
9.5964
9.5964
9.5964
9.5964
9.5964
9.5964
9.5964
9.5964
9.5964
9.5964
9.5964
